6 0.05 0.0 0.01 1
6 0.05 0.0 0.01 3
6 0.05 0.0 0.01 6
6 0.05 0.0 0.01 32
6 0.05 0.0 0.1 1
6 0.05 0.0 0.1 3
6 0.05 0.0 0.1 6
6 0.05 0.0 0.1 32
6 0.05 0.0 0.3 1
6 0.05 0.0 0.3 3
6 0.05 0.0 0.3 6
6 0.05 0.0 0.3 32
6 0.05 0.0 0.5 1
6 0.05 0.0 0.5 3
6 0.05 0.0 0.5 6
6 0.05 0.0 0.5 32
6 0.05 0.0 0.8 1
6 0.05 0.0 0.8 3
6 0.05 0.0 0.8 6
6 0.05 0.0 0.8 32
6 0.05 0.25 0.01 1
6 0.05 0.25 0.01 3
6 0.05 0.25 0.01 6
6 0.05 0.25 0.01 32
6 0.05 0.25 0.1 1
6 0.05 0.25 0.1 3
6 0.05 0.25 0.1 6
6 0.05 0.25 0.1 32
6 0.05 0.25 0.3 1
6 0.05 0.25 0.3 3
6 0.05 0.25 0.3 6
6 0.05 0.25 0.3 32
6 0.05 0.25 0.5 1
6 0.05 0.25 0.5 3
6 0.05 0.25 0.5 6
6 0.05 0.25 0.5 32
6 0.05 0.25 0.8 1
6 0.05 0.25 0.8 3
6 0.05 0.25 0.8 6
6 0.05 0.25 0.8 32
6 0.05 0.5 0.01 1
6 0.05 0.5 0.01 3
6 0.05 0.5 0.01 6
6 0.05 0.5 0.01 32
6 0.05 0.5 0.1 1
6 0.05 0.5 0.1 3
6 0.05 0.5 0.1 6
6 0.05 0.5 0.1 32
6 0.05 0.5 0.3 1
6 0.05 0.5 0.3 3
6 0.05 0.5 0.3 6
6 0.05 0.5 0.3 32
6 0.05 0.5 0.5 1
6 0.05 0.5 0.5 3
6 0.05 0.5 0.5 6
6 0.05 0.5 0.5 32
6 0.05 0.5 0.8 1
6 0.05 0.5 0.8 3
6 0.05 0.5 0.8 6
6 0.05 0.5 0.8 32
6 0.05 0.75 0.01 1
6 0.05 0.75 0.01 3
6 0.05 0.75 0.01 6
6 0.05 0.75 0.01 32
6 0.05 0.75 0.1 1
6 0.05 0.75 0.1 3
6 0.05 0.75 0.1 6
6 0.05 0.75 0.1 32
6 0.05 0.75 0.3 1
6 0.05 0.75 0.3 3
6 0.05 0.75 0.3 6
6 0.05 0.75 0.3 32
6 0.05 0.75 0.5 1
6 0.05 0.75 0.5 3
6 0.05 0.75 0.5 6
6 0.05 0.75 0.5 32
6 0.05 0.75 0.8 1
6 0.05 0.75 0.8 3
6 0.05 0.75 0.8 6
6 0.05 0.75 0.8 32
6 0.05 1.0 0.01 1
6 0.05 1.0 0.01 3
6 0.05 1.0 0.01 6
6 0.05 1.0 0.01 32
6 0.05 1.0 0.1 1
6 0.05 1.0 0.1 3
6 0.05 1.0 0.1 6
6 0.05 1.0 0.1 32
6 0.05 1.0 0.3 1
6 0.05 1.0 0.3 3
6 0.05 1.0 0.3 6
6 0.05 1.0 0.3 32
6 0.05 1.0 0.5 1
6 0.05 1.0 0.5 3
6 0.05 1.0 0.5 6
6 0.05 1.0 0.5 32
6 0.05 1.0 0.8 1
6 0.05 1.0 0.8 3
6 0.05 1.0 0.8 6
6 0.05 1.0 0.8 32
6 0.1 0.0 0.01 1
6 0.1 0.0 0.01 3
6 0.1 0.0 0.01 6
6 0.1 0.0 0.01 32
6 0.1 0.0 0.1 1
6 0.1 0.0 0.1 3
6 0.1 0.0 0.1 6
6 0.1 0.0 0.1 32
6 0.1 0.0 0.3 1
6 0.1 0.0 0.3 3
6 0.1 0.0 0.3 6
6 0.1 0.0 0.3 32
6 0.1 0.0 0.5 1
6 0.1 0.0 0.5 3
6 0.1 0.0 0.5 6
6 0.1 0.0 0.5 32
6 0.1 0.0 0.8 1
6 0.1 0.0 0.8 3
6 0.1 0.0 0.8 6
6 0.1 0.0 0.8 32
6 0.1 0.25 0.01 1
6 0.1 0.25 0.01 3
6 0.1 0.25 0.01 6
6 0.1 0.25 0.01 32
6 0.1 0.25 0.1 1
6 0.1 0.25 0.1 3
6 0.1 0.25 0.1 6
6 0.1 0.25 0.1 32
6 0.1 0.25 0.3 1
6 0.1 0.25 0.3 3
6 0.1 0.25 0.3 6
6 0.1 0.25 0.3 32
6 0.1 0.25 0.5 1
6 0.1 0.25 0.5 3
6 0.1 0.25 0.5 6
6 0.1 0.25 0.5 32
6 0.1 0.25 0.8 1
6 0.1 0.25 0.8 3
6 0.1 0.25 0.8 6
6 0.1 0.25 0.8 32
6 0.1 0.5 0.01 1
6 0.1 0.5 0.01 3
6 0.1 0.5 0.01 6
6 0.1 0.5 0.01 32
6 0.1 0.5 0.1 1
6 0.1 0.5 0.1 3
6 0.1 0.5 0.1 6
6 0.1 0.5 0.1 32
6 0.1 0.5 0.3 1
6 0.1 0.5 0.3 3
6 0.1 0.5 0.3 6
6 0.1 0.5 0.3 32
6 0.1 0.5 0.5 1
6 0.1 0.5 0.5 3
6 0.1 0.5 0.5 6
6 0.1 0.5 0.5 32
6 0.1 0.5 0.8 1
6 0.1 0.5 0.8 3
6 0.1 0.5 0.8 6
6 0.1 0.5 0.8 32
6 0.1 0.75 0.01 1
6 0.1 0.75 0.01 3
6 0.1 0.75 0.01 6
6 0.1 0.75 0.01 32
6 0.1 0.75 0.1 1
6 0.1 0.75 0.1 3
6 0.1 0.75 0.1 6
6 0.1 0.75 0.1 32
6 0.1 0.75 0.3 1
6 0.1 0.75 0.3 3
6 0.1 0.75 0.3 6
6 0.1 0.75 0.3 32
6 0.1 0.75 0.5 1
6 0.1 0.75 0.5 3
6 0.1 0.75 0.5 6
6 0.1 0.75 0.5 32
6 0.1 0.75 0.8 1
6 0.1 0.75 0.8 3
6 0.1 0.75 0.8 6
6 0.1 0.75 0.8 32
6 0.1 1.0 0.01 1
6 0.1 1.0 0.01 3
6 0.1 1.0 0.01 6
6 0.1 1.0 0.01 32
6 0.1 1.0 0.1 1
6 0.1 1.0 0.1 3
6 0.1 1.0 0.1 6
6 0.1 1.0 0.1 32
6 0.1 1.0 0.3 1
6 0.1 1.0 0.3 3
6 0.1 1.0 0.3 6
6 0.1 1.0 0.3 32
6 0.1 1.0 0.5 1
6 0.1 1.0 0.5 3
6 0.1 1.0 0.5 6
6 0.1 1.0 0.5 32
6 0.1 1.0 0.8 1
6 0.1 1.0 0.8 3
6 0.1 1.0 0.8 6
6 0.1 1.0 0.8 32
6 0.25 0.0 0.01 1
6 0.25 0.0 0.01 3
6 0.25 0.0 0.01 6
6 0.25 0.0 0.01 32
6 0.25 0.0 0.1 1
6 0.25 0.0 0.1 3
6 0.25 0.0 0.1 6
6 0.25 0.0 0.1 32
6 0.25 0.0 0.3 1
6 0.25 0.0 0.3 3
6 0.25 0.0 0.3 6
6 0.25 0.0 0.3 32
6 0.25 0.0 0.5 1
6 0.25 0.0 0.5 3
6 0.25 0.0 0.5 6
6 0.25 0.0 0.5 32
6 0.25 0.0 0.8 1
6 0.25 0.0 0.8 3
6 0.25 0.0 0.8 6
6 0.25 0.0 0.8 32
6 0.25 0.25 0.01 1
6 0.25 0.25 0.01 3
6 0.25 0.25 0.01 6
6 0.25 0.25 0.01 32
6 0.25 0.25 0.1 1
6 0.25 0.25 0.1 3
6 0.25 0.25 0.1 6
6 0.25 0.25 0.1 32
6 0.25 0.25 0.3 1
6 0.25 0.25 0.3 3
6 0.25 0.25 0.3 6
6 0.25 0.25 0.3 32
6 0.25 0.25 0.5 1
6 0.25 0.25 0.5 3
6 0.25 0.25 0.5 6
6 0.25 0.25 0.5 32
6 0.25 0.25 0.8 1
6 0.25 0.25 0.8 3
6 0.25 0.25 0.8 6
6 0.25 0.25 0.8 32
6 0.25 0.5 0.01 1
6 0.25 0.5 0.01 3
6 0.25 0.5 0.01 6
6 0.25 0.5 0.01 32
6 0.25 0.5 0.1 1
6 0.25 0.5 0.1 3
6 0.25 0.5 0.1 6
6 0.25 0.5 0.1 32
6 0.25 0.5 0.3 1
6 0.25 0.5 0.3 3
6 0.25 0.5 0.3 6
6 0.25 0.5 0.3 32
6 0.25 0.5 0.5 1
6 0.25 0.5 0.5 3
6 0.25 0.5 0.5 6
6 0.25 0.5 0.5 32
6 0.25 0.5 0.8 1
6 0.25 0.5 0.8 3
6 0.25 0.5 0.8 6
6 0.25 0.5 0.8 32
6 0.25 0.75 0.01 1
6 0.25 0.75 0.01 3
6 0.25 0.75 0.01 6
6 0.25 0.75 0.01 32
6 0.25 0.75 0.1 1
6 0.25 0.75 0.1 3
6 0.25 0.75 0.1 6
6 0.25 0.75 0.1 32
6 0.25 0.75 0.3 1
6 0.25 0.75 0.3 3
6 0.25 0.75 0.3 6
6 0.25 0.75 0.3 32
6 0.25 0.75 0.5 1
6 0.25 0.75 0.5 3
6 0.25 0.75 0.5 6
6 0.25 0.75 0.5 32
6 0.25 0.75 0.8 1
6 0.25 0.75 0.8 3
6 0.25 0.75 0.8 6
6 0.25 0.75 0.8 32
6 0.25 1.0 0.01 1
6 0.25 1.0 0.01 3
6 0.25 1.0 0.01 6
6 0.25 1.0 0.01 32
6 0.25 1.0 0.1 1
6 0.25 1.0 0.1 3
6 0.25 1.0 0.1 6
6 0.25 1.0 0.1 32
6 0.25 1.0 0.3 1
6 0.25 1.0 0.3 3
6 0.25 1.0 0.3 6
6 0.25 1.0 0.3 32
6 0.25 1.0 0.5 1
6 0.25 1.0 0.5 3
6 0.25 1.0 0.5 6
6 0.25 1.0 0.5 32
6 0.25 1.0 0.8 1
6 0.25 1.0 0.8 3
6 0.25 1.0 0.8 6
6 0.25 1.0 0.8 32
6 0.5 0.0 0.01 1
6 0.5 0.0 0.01 3
6 0.5 0.0 0.01 6
6 0.5 0.0 0.01 32
6 0.5 0.0 0.1 1
6 0.5 0.0 0.1 3
6 0.5 0.0 0.1 6
6 0.5 0.0 0.1 32
6 0.5 0.0 0.3 1
6 0.5 0.0 0.3 3
6 0.5 0.0 0.3 6
6 0.5 0.0 0.3 32
6 0.5 0.0 0.5 1
6 0.5 0.0 0.5 3
6 0.5 0.0 0.5 6
6 0.5 0.0 0.5 32
6 0.5 0.0 0.8 1
6 0.5 0.0 0.8 3
6 0.5 0.0 0.8 6
6 0.5 0.0 0.8 32
6 0.5 0.25 0.01 1
6 0.5 0.25 0.01 3
6 0.5 0.25 0.01 6
6 0.5 0.25 0.01 32
6 0.5 0.25 0.1 1
6 0.5 0.25 0.1 3
6 0.5 0.25 0.1 6
6 0.5 0.25 0.1 32
6 0.5 0.25 0.3 1
6 0.5 0.25 0.3 3
6 0.5 0.25 0.3 6
6 0.5 0.25 0.3 32
6 0.5 0.25 0.5 1
6 0.5 0.25 0.5 3
6 0.5 0.25 0.5 6
6 0.5 0.25 0.5 32
6 0.5 0.25 0.8 1
6 0.5 0.25 0.8 3
6 0.5 0.25 0.8 6
6 0.5 0.25 0.8 32
6 0.5 0.5 0.01 1
6 0.5 0.5 0.01 3
6 0.5 0.5 0.01 6
6 0.5 0.5 0.01 32
6 0.5 0.5 0.1 1
6 0.5 0.5 0.1 3
6 0.5 0.5 0.1 6
6 0.5 0.5 0.1 32
6 0.5 0.5 0.3 1
6 0.5 0.5 0.3 3
6 0.5 0.5 0.3 6
6 0.5 0.5 0.3 32
6 0.5 0.5 0.5 1
6 0.5 0.5 0.5 3
6 0.5 0.5 0.5 6
6 0.5 0.5 0.5 32
6 0.5 0.5 0.8 1
6 0.5 0.5 0.8 3
6 0.5 0.5 0.8 6
6 0.5 0.5 0.8 32
6 0.5 0.75 0.01 1
6 0.5 0.75 0.01 3
6 0.5 0.75 0.01 6
6 0.5 0.75 0.01 32
6 0.5 0.75 0.1 1
6 0.5 0.75 0.1 3
6 0.5 0.75 0.1 6
6 0.5 0.75 0.1 32
6 0.5 0.75 0.3 1
6 0.5 0.75 0.3 3
6 0.5 0.75 0.3 6
6 0.5 0.75 0.3 32
6 0.5 0.75 0.5 1
6 0.5 0.75 0.5 3
6 0.5 0.75 0.5 6
6 0.5 0.75 0.5 32
6 0.5 0.75 0.8 1
6 0.5 0.75 0.8 3
6 0.5 0.75 0.8 6
6 0.5 0.75 0.8 32
6 0.5 1.0 0.01 1
6 0.5 1.0 0.01 3
6 0.5 1.0 0.01 6
6 0.5 1.0 0.01 32
6 0.5 1.0 0.1 1
6 0.5 1.0 0.1 3
6 0.5 1.0 0.1 6
6 0.5 1.0 0.1 32
6 0.5 1.0 0.3 1
6 0.5 1.0 0.3 3
6 0.5 1.0 0.3 6
6 0.5 1.0 0.3 32
6 0.5 1.0 0.5 1
6 0.5 1.0 0.5 3
6 0.5 1.0 0.5 6
6 0.5 1.0 0.5 32
6 0.5 1.0 0.8 1
6 0.5 1.0 0.8 3
6 0.5 1.0 0.8 6
6 0.5 1.0 0.8 32
6 0.75 0.0 0.01 1
6 0.75 0.0 0.01 3
6 0.75 0.0 0.01 6
6 0.75 0.0 0.01 32
6 0.75 0.0 0.1 1
6 0.75 0.0 0.1 3
6 0.75 0.0 0.1 6
6 0.75 0.0 0.1 32
6 0.75 0.0 0.3 1
6 0.75 0.0 0.3 3
6 0.75 0.0 0.3 6
6 0.75 0.0 0.3 32
6 0.75 0.0 0.5 1
6 0.75 0.0 0.5 3
6 0.75 0.0 0.5 6
6 0.75 0.0 0.5 32
6 0.75 0.0 0.8 1
6 0.75 0.0 0.8 3
6 0.75 0.0 0.8 6
6 0.75 0.0 0.8 32
6 0.75 0.25 0.01 1
6 0.75 0.25 0.01 3
6 0.75 0.25 0.01 6
6 0.75 0.25 0.01 32
6 0.75 0.25 0.1 1
6 0.75 0.25 0.1 3
6 0.75 0.25 0.1 6
6 0.75 0.25 0.1 32
6 0.75 0.25 0.3 1
6 0.75 0.25 0.3 3
6 0.75 0.25 0.3 6
6 0.75 0.25 0.3 32
6 0.75 0.25 0.5 1
6 0.75 0.25 0.5 3
6 0.75 0.25 0.5 6
6 0.75 0.25 0.5 32
6 0.75 0.25 0.8 1
6 0.75 0.25 0.8 3
6 0.75 0.25 0.8 6
6 0.75 0.25 0.8 32
6 0.75 0.5 0.01 1
6 0.75 0.5 0.01 3
6 0.75 0.5 0.01 6
6 0.75 0.5 0.01 32
6 0.75 0.5 0.1 1
6 0.75 0.5 0.1 3
6 0.75 0.5 0.1 6
6 0.75 0.5 0.1 32
6 0.75 0.5 0.3 1
6 0.75 0.5 0.3 3
6 0.75 0.5 0.3 6
6 0.75 0.5 0.3 32
6 0.75 0.5 0.5 1
6 0.75 0.5 0.5 3
6 0.75 0.5 0.5 6
6 0.75 0.5 0.5 32
6 0.75 0.5 0.8 1
6 0.75 0.5 0.8 3
6 0.75 0.5 0.8 6
6 0.75 0.5 0.8 32
6 0.75 0.75 0.01 1
6 0.75 0.75 0.01 3
6 0.75 0.75 0.01 6
6 0.75 0.75 0.01 32
6 0.75 0.75 0.1 1
6 0.75 0.75 0.1 3
6 0.75 0.75 0.1 6
6 0.75 0.75 0.1 32
6 0.75 0.75 0.3 1
6 0.75 0.75 0.3 3
6 0.75 0.75 0.3 6
6 0.75 0.75 0.3 32
6 0.75 0.75 0.5 1
6 0.75 0.75 0.5 3
6 0.75 0.75 0.5 6
6 0.75 0.75 0.5 32
6 0.75 0.75 0.8 1
6 0.75 0.75 0.8 3
6 0.75 0.75 0.8 6
6 0.75 0.75 0.8 32
6 0.75 1.0 0.01 1
6 0.75 1.0 0.01 3
6 0.75 1.0 0.01 6
6 0.75 1.0 0.01 32
6 0.75 1.0 0.1 1
6 0.75 1.0 0.1 3
6 0.75 1.0 0.1 6
6 0.75 1.0 0.1 32
6 0.75 1.0 0.3 1
6 0.75 1.0 0.3 3
6 0.75 1.0 0.3 6
6 0.75 1.0 0.3 32
6 0.75 1.0 0.5 1
6 0.75 1.0 0.5 3
6 0.75 1.0 0.5 6
6 0.75 1.0 0.5 32
6 0.75 1.0 0.8 1
6 0.75 1.0 0.8 3
6 0.75 1.0 0.8 6
6 0.75 1.0 0.8 32
6 1.0 0.0 0.01 1
6 1.0 0.0 0.01 3
6 1.0 0.0 0.01 6
6 1.0 0.0 0.01 32
6 1.0 0.0 0.1 1
6 1.0 0.0 0.1 3
6 1.0 0.0 0.1 6
6 1.0 0.0 0.1 32
6 1.0 0.0 0.3 1
6 1.0 0.0 0.3 3
6 1.0 0.0 0.3 6
6 1.0 0.0 0.3 32
6 1.0 0.0 0.5 1
6 1.0 0.0 0.5 3
6 1.0 0.0 0.5 6
6 1.0 0.0 0.5 32
6 1.0 0.0 0.8 1
6 1.0 0.0 0.8 3
6 1.0 0.0 0.8 6
6 1.0 0.0 0.8 32
6 1.0 0.25 0.01 1
6 1.0 0.25 0.01 3
6 1.0 0.25 0.01 6
6 1.0 0.25 0.01 32
6 1.0 0.25 0.1 1
6 1.0 0.25 0.1 3
6 1.0 0.25 0.1 6
6 1.0 0.25 0.1 32
6 1.0 0.25 0.3 1
6 1.0 0.25 0.3 3
6 1.0 0.25 0.3 6
6 1.0 0.25 0.3 32
6 1.0 0.25 0.5 1
6 1.0 0.25 0.5 3
6 1.0 0.25 0.5 6
6 1.0 0.25 0.5 32
6 1.0 0.25 0.8 1
6 1.0 0.25 0.8 3
6 1.0 0.25 0.8 6
6 1.0 0.25 0.8 32
6 1.0 0.5 0.01 1
6 1.0 0.5 0.01 3
6 1.0 0.5 0.01 6
6 1.0 0.5 0.01 32
6 1.0 0.5 0.1 1
6 1.0 0.5 0.1 3
6 1.0 0.5 0.1 6
6 1.0 0.5 0.1 32
6 1.0 0.5 0.3 1
6 1.0 0.5 0.3 3
6 1.0 0.5 0.3 6
6 1.0 0.5 0.3 32
6 1.0 0.5 0.5 1
6 1.0 0.5 0.5 3
6 1.0 0.5 0.5 6
6 1.0 0.5 0.5 32
6 1.0 0.5 0.8 1
6 1.0 0.5 0.8 3
6 1.0 0.5 0.8 6
6 1.0 0.5 0.8 32
6 1.0 0.75 0.01 1
6 1.0 0.75 0.01 3
6 1.0 0.75 0.01 6
6 1.0 0.75 0.01 32
6 1.0 0.75 0.1 1
6 1.0 0.75 0.1 3
6 1.0 0.75 0.1 6
6 1.0 0.75 0.1 32
6 1.0 0.75 0.3 1
6 1.0 0.75 0.3 3
6 1.0 0.75 0.3 6
6 1.0 0.75 0.3 32
6 1.0 0.75 0.5 1
6 1.0 0.75 0.5 3
6 1.0 0.75 0.5 6
6 1.0 0.75 0.5 32
6 1.0 0.75 0.8 1
6 1.0 0.75 0.8 3
6 1.0 0.75 0.8 6
6 1.0 0.75 0.8 32
6 1.0 1.0 0.01 1
6 1.0 1.0 0.01 3
6 1.0 1.0 0.01 6
6 1.0 1.0 0.01 32
6 1.0 1.0 0.1 1
6 1.0 1.0 0.1 3
6 1.0 1.0 0.1 6
6 1.0 1.0 0.1 32
6 1.0 1.0 0.3 1
6 1.0 1.0 0.3 3
6 1.0 1.0 0.3 6
6 1.0 1.0 0.3 32
6 1.0 1.0 0.5 1
6 1.0 1.0 0.5 3
6 1.0 1.0 0.5 6
6 1.0 1.0 0.5 32
6 1.0 1.0 0.8 1
6 1.0 1.0 0.8 3
6 1.0 1.0 0.8 6
6 1.0 1.0 0.8 32
7 0.05 0.0 0.01 1
7 0.05 0.0 0.01 6
7 0.05 0.0 0.01 13
7 0.05 0.0 0.01 64
7 0.05 0.0 0.1 1
7 0.05 0.0 0.1 6
7 0.05 0.0 0.1 13
7 0.05 0.0 0.1 64
7 0.05 0.0 0.3 1
7 0.05 0.0 0.3 6
7 0.05 0.0 0.3 13
7 0.05 0.0 0.3 64
7 0.05 0.0 0.5 1
7 0.05 0.0 0.5 6
7 0.05 0.0 0.5 13
7 0.05 0.0 0.5 64
7 0.05 0.0 0.8 1
7 0.05 0.0 0.8 6
7 0.05 0.0 0.8 13
7 0.05 0.0 0.8 64
7 0.05 0.25 0.01 1
7 0.05 0.25 0.01 6
7 0.05 0.25 0.01 13
7 0.05 0.25 0.01 64
7 0.05 0.25 0.1 1
7 0.05 0.25 0.1 6
7 0.05 0.25 0.1 13
7 0.05 0.25 0.1 64
7 0.05 0.25 0.3 1
7 0.05 0.25 0.3 6
7 0.05 0.25 0.3 13
7 0.05 0.25 0.3 64
7 0.05 0.25 0.5 1
7 0.05 0.25 0.5 6
7 0.05 0.25 0.5 13
7 0.05 0.25 0.5 64
7 0.05 0.25 0.8 1
7 0.05 0.25 0.8 6
7 0.05 0.25 0.8 13
7 0.05 0.25 0.8 64
7 0.05 0.5 0.01 1
7 0.05 0.5 0.01 6
7 0.05 0.5 0.01 13
7 0.05 0.5 0.01 64
7 0.05 0.5 0.1 1
7 0.05 0.5 0.1 6
7 0.05 0.5 0.1 13
7 0.05 0.5 0.1 64
7 0.05 0.5 0.3 1
7 0.05 0.5 0.3 6
7 0.05 0.5 0.3 13
7 0.05 0.5 0.3 64
7 0.05 0.5 0.5 1
7 0.05 0.5 0.5 6
7 0.05 0.5 0.5 13
7 0.05 0.5 0.5 64
7 0.05 0.5 0.8 1
7 0.05 0.5 0.8 6
7 0.05 0.5 0.8 13
7 0.05 0.5 0.8 64
7 0.05 0.75 0.01 1
7 0.05 0.75 0.01 6
7 0.05 0.75 0.01 13
7 0.05 0.75 0.01 64
7 0.05 0.75 0.1 1
7 0.05 0.75 0.1 6
7 0.05 0.75 0.1 13
7 0.05 0.75 0.1 64
7 0.05 0.75 0.3 1
7 0.05 0.75 0.3 6
7 0.05 0.75 0.3 13
7 0.05 0.75 0.3 64
7 0.05 0.75 0.5 1
7 0.05 0.75 0.5 6
7 0.05 0.75 0.5 13
7 0.05 0.75 0.5 64
7 0.05 0.75 0.8 1
7 0.05 0.75 0.8 6
7 0.05 0.75 0.8 13
7 0.05 0.75 0.8 64
7 0.05 1.0 0.01 1
7 0.05 1.0 0.01 6
7 0.05 1.0 0.01 13
7 0.05 1.0 0.01 64
7 0.05 1.0 0.1 1
7 0.05 1.0 0.1 6
7 0.05 1.0 0.1 13
7 0.05 1.0 0.1 64
7 0.05 1.0 0.3 1
7 0.05 1.0 0.3 6
7 0.05 1.0 0.3 13
7 0.05 1.0 0.3 64
7 0.05 1.0 0.5 1
7 0.05 1.0 0.5 6
7 0.05 1.0 0.5 13
7 0.05 1.0 0.5 64
7 0.05 1.0 0.8 1
7 0.05 1.0 0.8 6
7 0.05 1.0 0.8 13
7 0.05 1.0 0.8 64
7 0.1 0.0 0.01 1
7 0.1 0.0 0.01 6
7 0.1 0.0 0.01 13
7 0.1 0.0 0.01 64
7 0.1 0.0 0.1 1
7 0.1 0.0 0.1 6
7 0.1 0.0 0.1 13
7 0.1 0.0 0.1 64
7 0.1 0.0 0.3 1
7 0.1 0.0 0.3 6
7 0.1 0.0 0.3 13
7 0.1 0.0 0.3 64
7 0.1 0.0 0.5 1
7 0.1 0.0 0.5 6
7 0.1 0.0 0.5 13
7 0.1 0.0 0.5 64
7 0.1 0.0 0.8 1
7 0.1 0.0 0.8 6
7 0.1 0.0 0.8 13
7 0.1 0.0 0.8 64
7 0.1 0.25 0.01 1
7 0.1 0.25 0.01 6
7 0.1 0.25 0.01 13
7 0.1 0.25 0.01 64
7 0.1 0.25 0.1 1
7 0.1 0.25 0.1 6
7 0.1 0.25 0.1 13
7 0.1 0.25 0.1 64
7 0.1 0.25 0.3 1
7 0.1 0.25 0.3 6
7 0.1 0.25 0.3 13
7 0.1 0.25 0.3 64
7 0.1 0.25 0.5 1
7 0.1 0.25 0.5 6
7 0.1 0.25 0.5 13
7 0.1 0.25 0.5 64
7 0.1 0.25 0.8 1
7 0.1 0.25 0.8 6
7 0.1 0.25 0.8 13
7 0.1 0.25 0.8 64
7 0.1 0.5 0.01 1
7 0.1 0.5 0.01 6
7 0.1 0.5 0.01 13
7 0.1 0.5 0.01 64
7 0.1 0.5 0.1 1
7 0.1 0.5 0.1 6
7 0.1 0.5 0.1 13
7 0.1 0.5 0.1 64
7 0.1 0.5 0.3 1
7 0.1 0.5 0.3 6
7 0.1 0.5 0.3 13
7 0.1 0.5 0.3 64
7 0.1 0.5 0.5 1
7 0.1 0.5 0.5 6
7 0.1 0.5 0.5 13
7 0.1 0.5 0.5 64
7 0.1 0.5 0.8 1
7 0.1 0.5 0.8 6
7 0.1 0.5 0.8 13
7 0.1 0.5 0.8 64
7 0.1 0.75 0.01 1
7 0.1 0.75 0.01 6
7 0.1 0.75 0.01 13
7 0.1 0.75 0.01 64
7 0.1 0.75 0.1 1
7 0.1 0.75 0.1 6
7 0.1 0.75 0.1 13
7 0.1 0.75 0.1 64
7 0.1 0.75 0.3 1
7 0.1 0.75 0.3 6
7 0.1 0.75 0.3 13
7 0.1 0.75 0.3 64
7 0.1 0.75 0.5 1
7 0.1 0.75 0.5 6
7 0.1 0.75 0.5 13
7 0.1 0.75 0.5 64
7 0.1 0.75 0.8 1
7 0.1 0.75 0.8 6
7 0.1 0.75 0.8 13
7 0.1 0.75 0.8 64
7 0.1 1.0 0.01 1
7 0.1 1.0 0.01 6
7 0.1 1.0 0.01 13
7 0.1 1.0 0.01 64
7 0.1 1.0 0.1 1
7 0.1 1.0 0.1 6
7 0.1 1.0 0.1 13
7 0.1 1.0 0.1 64
7 0.1 1.0 0.3 1
7 0.1 1.0 0.3 6
7 0.1 1.0 0.3 13
7 0.1 1.0 0.3 64
7 0.1 1.0 0.5 1
7 0.1 1.0 0.5 6
7 0.1 1.0 0.5 13
7 0.1 1.0 0.5 64
7 0.1 1.0 0.8 1
7 0.1 1.0 0.8 6
7 0.1 1.0 0.8 13
7 0.1 1.0 0.8 64
7 0.25 0.0 0.01 1
7 0.25 0.0 0.01 6
7 0.25 0.0 0.01 13
7 0.25 0.0 0.01 64
7 0.25 0.0 0.1 1
7 0.25 0.0 0.1 6
7 0.25 0.0 0.1 13
7 0.25 0.0 0.1 64
7 0.25 0.0 0.3 1
7 0.25 0.0 0.3 6
7 0.25 0.0 0.3 13
7 0.25 0.0 0.3 64
7 0.25 0.0 0.5 1
7 0.25 0.0 0.5 6
7 0.25 0.0 0.5 13
7 0.25 0.0 0.5 64
7 0.25 0.0 0.8 1
7 0.25 0.0 0.8 6
7 0.25 0.0 0.8 13
7 0.25 0.0 0.8 64
7 0.25 0.25 0.01 1
7 0.25 0.25 0.01 6
7 0.25 0.25 0.01 13
7 0.25 0.25 0.01 64
7 0.25 0.25 0.1 1
7 0.25 0.25 0.1 6
7 0.25 0.25 0.1 13
7 0.25 0.25 0.1 64
7 0.25 0.25 0.3 1
7 0.25 0.25 0.3 6
7 0.25 0.25 0.3 13
7 0.25 0.25 0.3 64
7 0.25 0.25 0.5 1
7 0.25 0.25 0.5 6
7 0.25 0.25 0.5 13
7 0.25 0.25 0.5 64
7 0.25 0.25 0.8 1
7 0.25 0.25 0.8 6
7 0.25 0.25 0.8 13
7 0.25 0.25 0.8 64
7 0.25 0.5 0.01 1
7 0.25 0.5 0.01 6
7 0.25 0.5 0.01 13
7 0.25 0.5 0.01 64
7 0.25 0.5 0.1 1
7 0.25 0.5 0.1 6
7 0.25 0.5 0.1 13
7 0.25 0.5 0.1 64
7 0.25 0.5 0.3 1
7 0.25 0.5 0.3 6
7 0.25 0.5 0.3 13
7 0.25 0.5 0.3 64
7 0.25 0.5 0.5 1
7 0.25 0.5 0.5 6
7 0.25 0.5 0.5 13
7 0.25 0.5 0.5 64
7 0.25 0.5 0.8 1
7 0.25 0.5 0.8 6
7 0.25 0.5 0.8 13
7 0.25 0.5 0.8 64
7 0.25 0.75 0.01 1
7 0.25 0.75 0.01 6
7 0.25 0.75 0.01 13
7 0.25 0.75 0.01 64
7 0.25 0.75 0.1 1
7 0.25 0.75 0.1 6
7 0.25 0.75 0.1 13
7 0.25 0.75 0.1 64
7 0.25 0.75 0.3 1
7 0.25 0.75 0.3 6
7 0.25 0.75 0.3 13
7 0.25 0.75 0.3 64
7 0.25 0.75 0.5 1
7 0.25 0.75 0.5 6
7 0.25 0.75 0.5 13
7 0.25 0.75 0.5 64
7 0.25 0.75 0.8 1
7 0.25 0.75 0.8 6
7 0.25 0.75 0.8 13
7 0.25 0.75 0.8 64
7 0.25 1.0 0.01 1
7 0.25 1.0 0.01 6
7 0.25 1.0 0.01 13
7 0.25 1.0 0.01 64
7 0.25 1.0 0.1 1
7 0.25 1.0 0.1 6
7 0.25 1.0 0.1 13
7 0.25 1.0 0.1 64
7 0.25 1.0 0.3 1
7 0.25 1.0 0.3 6
7 0.25 1.0 0.3 13
7 0.25 1.0 0.3 64
7 0.25 1.0 0.5 1
7 0.25 1.0 0.5 6
7 0.25 1.0 0.5 13
7 0.25 1.0 0.5 64
7 0.25 1.0 0.8 1
7 0.25 1.0 0.8 6
7 0.25 1.0 0.8 13
7 0.25 1.0 0.8 64
7 0.5 0.0 0.01 1
7 0.5 0.0 0.01 6
7 0.5 0.0 0.01 13
7 0.5 0.0 0.01 64
7 0.5 0.0 0.1 1
7 0.5 0.0 0.1 6
7 0.5 0.0 0.1 13
7 0.5 0.0 0.1 64
7 0.5 0.0 0.3 1
7 0.5 0.0 0.3 6
7 0.5 0.0 0.3 13
7 0.5 0.0 0.3 64
7 0.5 0.0 0.5 1
7 0.5 0.0 0.5 6
7 0.5 0.0 0.5 13
7 0.5 0.0 0.5 64
7 0.5 0.0 0.8 1
7 0.5 0.0 0.8 6
7 0.5 0.0 0.8 13
7 0.5 0.0 0.8 64
7 0.5 0.25 0.01 1
7 0.5 0.25 0.01 6
7 0.5 0.25 0.01 13
7 0.5 0.25 0.01 64
7 0.5 0.25 0.1 1
7 0.5 0.25 0.1 6
7 0.5 0.25 0.1 13
7 0.5 0.25 0.1 64
7 0.5 0.25 0.3 1
7 0.5 0.25 0.3 6
7 0.5 0.25 0.3 13
7 0.5 0.25 0.3 64
7 0.5 0.25 0.5 1
7 0.5 0.25 0.5 6
7 0.5 0.25 0.5 13
7 0.5 0.25 0.5 64
7 0.5 0.25 0.8 1
7 0.5 0.25 0.8 6
7 0.5 0.25 0.8 13
7 0.5 0.25 0.8 64
7 0.5 0.5 0.01 1
7 0.5 0.5 0.01 6
7 0.5 0.5 0.01 13
7 0.5 0.5 0.01 64
7 0.5 0.5 0.1 1
7 0.5 0.5 0.1 6
7 0.5 0.5 0.1 13
7 0.5 0.5 0.1 64
7 0.5 0.5 0.3 1
7 0.5 0.5 0.3 6
7 0.5 0.5 0.3 13
7 0.5 0.5 0.3 64
7 0.5 0.5 0.5 1
7 0.5 0.5 0.5 6
7 0.5 0.5 0.5 13
7 0.5 0.5 0.5 64
7 0.5 0.5 0.8 1
7 0.5 0.5 0.8 6
7 0.5 0.5 0.8 13
7 0.5 0.5 0.8 64
7 0.5 0.75 0.01 1
7 0.5 0.75 0.01 6
7 0.5 0.75 0.01 13
7 0.5 0.75 0.01 64
7 0.5 0.75 0.1 1
7 0.5 0.75 0.1 6
7 0.5 0.75 0.1 13
7 0.5 0.75 0.1 64
7 0.5 0.75 0.3 1
7 0.5 0.75 0.3 6
7 0.5 0.75 0.3 13
7 0.5 0.75 0.3 64
7 0.5 0.75 0.5 1
7 0.5 0.75 0.5 6
7 0.5 0.75 0.5 13
7 0.5 0.75 0.5 64
7 0.5 0.75 0.8 1
7 0.5 0.75 0.8 6
7 0.5 0.75 0.8 13
7 0.5 0.75 0.8 64
7 0.5 1.0 0.01 1
7 0.5 1.0 0.01 6
7 0.5 1.0 0.01 13
7 0.5 1.0 0.01 64
7 0.5 1.0 0.1 1
7 0.5 1.0 0.1 6
7 0.5 1.0 0.1 13
7 0.5 1.0 0.1 64
7 0.5 1.0 0.3 1
7 0.5 1.0 0.3 6
7 0.5 1.0 0.3 13
7 0.5 1.0 0.3 64
7 0.5 1.0 0.5 1
7 0.5 1.0 0.5 6
7 0.5 1.0 0.5 13
7 0.5 1.0 0.5 64
7 0.5 1.0 0.8 1
7 0.5 1.0 0.8 6
7 0.5 1.0 0.8 13
7 0.5 1.0 0.8 64
7 0.75 0.0 0.01 1
7 0.75 0.0 0.01 6
7 0.75 0.0 0.01 13
7 0.75 0.0 0.01 64
7 0.75 0.0 0.1 1
7 0.75 0.0 0.1 6
7 0.75 0.0 0.1 13
7 0.75 0.0 0.1 64
7 0.75 0.0 0.3 1
7 0.75 0.0 0.3 6
7 0.75 0.0 0.3 13
7 0.75 0.0 0.3 64
7 0.75 0.0 0.5 1
7 0.75 0.0 0.5 6
7 0.75 0.0 0.5 13
7 0.75 0.0 0.5 64
7 0.75 0.0 0.8 1
7 0.75 0.0 0.8 6
7 0.75 0.0 0.8 13
7 0.75 0.0 0.8 64
7 0.75 0.25 0.01 1
7 0.75 0.25 0.01 6
7 0.75 0.25 0.01 13
7 0.75 0.25 0.01 64
7 0.75 0.25 0.1 1
7 0.75 0.25 0.1 6
7 0.75 0.25 0.1 13
7 0.75 0.25 0.1 64
7 0.75 0.25 0.3 1
7 0.75 0.25 0.3 6
7 0.75 0.25 0.3 13
7 0.75 0.25 0.3 64
7 0.75 0.25 0.5 1
7 0.75 0.25 0.5 6
7 0.75 0.25 0.5 13
7 0.75 0.25 0.5 64
7 0.75 0.25 0.8 1
7 0.75 0.25 0.8 6
7 0.75 0.25 0.8 13
7 0.75 0.25 0.8 64
7 0.75 0.5 0.01 1
7 0.75 0.5 0.01 6
7 0.75 0.5 0.01 13
7 0.75 0.5 0.01 64
7 0.75 0.5 0.1 1
7 0.75 0.5 0.1 6
7 0.75 0.5 0.1 13
7 0.75 0.5 0.1 64
7 0.75 0.5 0.3 1
7 0.75 0.5 0.3 6
7 0.75 0.5 0.3 13
7 0.75 0.5 0.3 64
7 0.75 0.5 0.5 1
7 0.75 0.5 0.5 6
7 0.75 0.5 0.5 13
7 0.75 0.5 0.5 64
7 0.75 0.5 0.8 1
7 0.75 0.5 0.8 6
7 0.75 0.5 0.8 13
7 0.75 0.5 0.8 64
7 0.75 0.75 0.01 1
7 0.75 0.75 0.01 6
7 0.75 0.75 0.01 13
7 0.75 0.75 0.01 64
7 0.75 0.75 0.1 1
7 0.75 0.75 0.1 6
7 0.75 0.75 0.1 13
7 0.75 0.75 0.1 64
7 0.75 0.75 0.3 1
7 0.75 0.75 0.3 6
7 0.75 0.75 0.3 13
7 0.75 0.75 0.3 64
7 0.75 0.75 0.5 1
7 0.75 0.75 0.5 6
7 0.75 0.75 0.5 13
7 0.75 0.75 0.5 64
7 0.75 0.75 0.8 1
7 0.75 0.75 0.8 6
7 0.75 0.75 0.8 13
7 0.75 0.75 0.8 64
7 0.75 1.0 0.01 1
7 0.75 1.0 0.01 6
7 0.75 1.0 0.01 13
7 0.75 1.0 0.01 64
7 0.75 1.0 0.1 1
7 0.75 1.0 0.1 6
7 0.75 1.0 0.1 13
7 0.75 1.0 0.1 64
7 0.75 1.0 0.3 1
7 0.75 1.0 0.3 6
7 0.75 1.0 0.3 13
7 0.75 1.0 0.3 64
7 0.75 1.0 0.5 1
7 0.75 1.0 0.5 6
7 0.75 1.0 0.5 13
7 0.75 1.0 0.5 64
7 0.75 1.0 0.8 1
7 0.75 1.0 0.8 6
7 0.75 1.0 0.8 13
7 0.75 1.0 0.8 64
7 1.0 0.0 0.01 1
7 1.0 0.0 0.01 6
7 1.0 0.0 0.01 13
7 1.0 0.0 0.01 64
7 1.0 0.0 0.1 1
7 1.0 0.0 0.1 6
7 1.0 0.0 0.1 13
7 1.0 0.0 0.1 64
7 1.0 0.0 0.3 1
7 1.0 0.0 0.3 6
7 1.0 0.0 0.3 13
7 1.0 0.0 0.3 64
7 1.0 0.0 0.5 1
7 1.0 0.0 0.5 6
7 1.0 0.0 0.5 13
7 1.0 0.0 0.5 64
7 1.0 0.0 0.8 1
7 1.0 0.0 0.8 6
7 1.0 0.0 0.8 13
7 1.0 0.0 0.8 64
7 1.0 0.25 0.01 1
7 1.0 0.25 0.01 6
7 1.0 0.25 0.01 13
7 1.0 0.25 0.01 64
7 1.0 0.25 0.1 1
7 1.0 0.25 0.1 6
7 1.0 0.25 0.1 13
7 1.0 0.25 0.1 64
7 1.0 0.25 0.3 1
7 1.0 0.25 0.3 6
7 1.0 0.25 0.3 13
7 1.0 0.25 0.3 64
7 1.0 0.25 0.5 1
7 1.0 0.25 0.5 6
7 1.0 0.25 0.5 13
7 1.0 0.25 0.5 64
7 1.0 0.25 0.8 1
7 1.0 0.25 0.8 6
7 1.0 0.25 0.8 13
7 1.0 0.25 0.8 64
7 1.0 0.5 0.01 1
7 1.0 0.5 0.01 6
7 1.0 0.5 0.01 13
7 1.0 0.5 0.01 64
7 1.0 0.5 0.1 1
7 1.0 0.5 0.1 6
7 1.0 0.5 0.1 13
7 1.0 0.5 0.1 64
7 1.0 0.5 0.3 1
7 1.0 0.5 0.3 6
7 1.0 0.5 0.3 13
7 1.0 0.5 0.3 64
7 1.0 0.5 0.5 1
7 1.0 0.5 0.5 6
7 1.0 0.5 0.5 13
7 1.0 0.5 0.5 64
7 1.0 0.5 0.8 1
7 1.0 0.5 0.8 6
7 1.0 0.5 0.8 13
7 1.0 0.5 0.8 64
7 1.0 0.75 0.01 1
7 1.0 0.75 0.01 6
7 1.0 0.75 0.01 13
7 1.0 0.75 0.01 64
7 1.0 0.75 0.1 1
7 1.0 0.75 0.1 6
7 1.0 0.75 0.1 13
7 1.0 0.75 0.1 64
7 1.0 0.75 0.3 1
7 1.0 0.75 0.3 6
7 1.0 0.75 0.3 13
7 1.0 0.75 0.3 64
7 1.0 0.75 0.5 1
7 1.0 0.75 0.5 6
7 1.0 0.75 0.5 13
7 1.0 0.75 0.5 64
7 1.0 0.75 0.8 1
7 1.0 0.75 0.8 6
7 1.0 0.75 0.8 13
7 1.0 0.75 0.8 64
7 1.0 1.0 0.01 1
7 1.0 1.0 0.01 6
7 1.0 1.0 0.01 13
7 1.0 1.0 0.01 64
7 1.0 1.0 0.1 1
7 1.0 1.0 0.1 6
7 1.0 1.0 0.1 13
7 1.0 1.0 0.1 64
7 1.0 1.0 0.3 1
7 1.0 1.0 0.3 6
7 1.0 1.0 0.3 13
7 1.0 1.0 0.3 64
7 1.0 1.0 0.5 1
7 1.0 1.0 0.5 6
7 1.0 1.0 0.5 13
7 1.0 1.0 0.5 64
7 1.0 1.0 0.8 1
7 1.0 1.0 0.8 6
7 1.0 1.0 0.8 13
7 1.0 1.0 0.8 64
8 0.05 0.0 0.01 3
8 0.05 0.0 0.01 13
8 0.05 0.0 0.01 26
8 0.05 0.0 0.01 128
8 0.05 0.0 0.1 3
8 0.05 0.0 0.1 13
8 0.05 0.0 0.1 26
8 0.05 0.0 0.1 128
8 0.05 0.0 0.3 3
8 0.05 0.0 0.3 13
8 0.05 0.0 0.3 26
8 0.05 0.0 0.3 128
8 0.05 0.0 0.5 3
8 0.05 0.0 0.5 13
8 0.05 0.0 0.5 26
8 0.05 0.0 0.5 128
8 0.05 0.0 0.8 3
8 0.05 0.0 0.8 13
8 0.05 0.0 0.8 26
8 0.05 0.0 0.8 128
8 0.05 0.25 0.01 3
8 0.05 0.25 0.01 13
8 0.05 0.25 0.01 26
8 0.05 0.25 0.01 128
8 0.05 0.25 0.1 3
8 0.05 0.25 0.1 13
8 0.05 0.25 0.1 26
8 0.05 0.25 0.1 128
8 0.05 0.25 0.3 3
8 0.05 0.25 0.3 13
8 0.05 0.25 0.3 26
8 0.05 0.25 0.3 128
8 0.05 0.25 0.5 3
8 0.05 0.25 0.5 13
8 0.05 0.25 0.5 26
8 0.05 0.25 0.5 128
8 0.05 0.25 0.8 3
8 0.05 0.25 0.8 13
8 0.05 0.25 0.8 26
8 0.05 0.25 0.8 128
8 0.05 0.5 0.01 3
8 0.05 0.5 0.01 13
8 0.05 0.5 0.01 26
8 0.05 0.5 0.01 128
8 0.05 0.5 0.1 3
8 0.05 0.5 0.1 13
8 0.05 0.5 0.1 26
8 0.05 0.5 0.1 128
8 0.05 0.5 0.3 3
8 0.05 0.5 0.3 13
8 0.05 0.5 0.3 26
8 0.05 0.5 0.3 128
8 0.05 0.5 0.5 3
8 0.05 0.5 0.5 13
8 0.05 0.5 0.5 26
8 0.05 0.5 0.5 128
8 0.05 0.5 0.8 3
8 0.05 0.5 0.8 13
8 0.05 0.5 0.8 26
8 0.05 0.5 0.8 128
8 0.05 0.75 0.01 3
8 0.05 0.75 0.01 13
8 0.05 0.75 0.01 26
8 0.05 0.75 0.01 128
8 0.05 0.75 0.1 3
8 0.05 0.75 0.1 13
8 0.05 0.75 0.1 26
8 0.05 0.75 0.1 128
8 0.05 0.75 0.3 3
8 0.05 0.75 0.3 13
8 0.05 0.75 0.3 26
8 0.05 0.75 0.3 128
8 0.05 0.75 0.5 3
8 0.05 0.75 0.5 13
8 0.05 0.75 0.5 26
8 0.05 0.75 0.5 128
8 0.05 0.75 0.8 3
8 0.05 0.75 0.8 13
8 0.05 0.75 0.8 26
8 0.05 0.75 0.8 128
8 0.05 1.0 0.01 3
8 0.05 1.0 0.01 13
8 0.05 1.0 0.01 26
8 0.05 1.0 0.01 128
8 0.05 1.0 0.1 3
8 0.05 1.0 0.1 13
8 0.05 1.0 0.1 26
8 0.05 1.0 0.1 128
8 0.05 1.0 0.3 3
8 0.05 1.0 0.3 13
8 0.05 1.0 0.3 26
8 0.05 1.0 0.3 128
8 0.05 1.0 0.5 3
8 0.05 1.0 0.5 13
8 0.05 1.0 0.5 26
8 0.05 1.0 0.5 128
8 0.05 1.0 0.8 3
8 0.05 1.0 0.8 13
8 0.05 1.0 0.8 26
8 0.05 1.0 0.8 128
8 0.1 0.0 0.01 3
8 0.1 0.0 0.01 13
8 0.1 0.0 0.01 26
8 0.1 0.0 0.01 128
8 0.1 0.0 0.1 3
8 0.1 0.0 0.1 13
8 0.1 0.0 0.1 26
8 0.1 0.0 0.1 128
8 0.1 0.0 0.3 3
8 0.1 0.0 0.3 13
8 0.1 0.0 0.3 26
8 0.1 0.0 0.3 128
8 0.1 0.0 0.5 3
8 0.1 0.0 0.5 13
8 0.1 0.0 0.5 26
8 0.1 0.0 0.5 128
8 0.1 0.0 0.8 3
8 0.1 0.0 0.8 13
8 0.1 0.0 0.8 26
8 0.1 0.0 0.8 128
8 0.1 0.25 0.01 3
8 0.1 0.25 0.01 13
8 0.1 0.25 0.01 26
8 0.1 0.25 0.01 128
8 0.1 0.25 0.1 3
8 0.1 0.25 0.1 13
8 0.1 0.25 0.1 26
8 0.1 0.25 0.1 128
8 0.1 0.25 0.3 3
8 0.1 0.25 0.3 13
8 0.1 0.25 0.3 26
8 0.1 0.25 0.3 128
8 0.1 0.25 0.5 3
8 0.1 0.25 0.5 13
8 0.1 0.25 0.5 26
8 0.1 0.25 0.5 128
8 0.1 0.25 0.8 3
8 0.1 0.25 0.8 13
8 0.1 0.25 0.8 26
8 0.1 0.25 0.8 128
8 0.1 0.5 0.01 3
8 0.1 0.5 0.01 13
8 0.1 0.5 0.01 26
8 0.1 0.5 0.01 128
8 0.1 0.5 0.1 3
8 0.1 0.5 0.1 13
8 0.1 0.5 0.1 26
8 0.1 0.5 0.1 128
8 0.1 0.5 0.3 3
8 0.1 0.5 0.3 13
8 0.1 0.5 0.3 26
8 0.1 0.5 0.3 128
8 0.1 0.5 0.5 3
8 0.1 0.5 0.5 13
8 0.1 0.5 0.5 26
8 0.1 0.5 0.5 128
8 0.1 0.5 0.8 3
8 0.1 0.5 0.8 13
8 0.1 0.5 0.8 26
8 0.1 0.5 0.8 128
8 0.1 0.75 0.01 3
8 0.1 0.75 0.01 13
8 0.1 0.75 0.01 26
8 0.1 0.75 0.01 128
8 0.1 0.75 0.1 3
8 0.1 0.75 0.1 13
8 0.1 0.75 0.1 26
8 0.1 0.75 0.1 128
8 0.1 0.75 0.3 3
8 0.1 0.75 0.3 13
8 0.1 0.75 0.3 26
8 0.1 0.75 0.3 128
8 0.1 0.75 0.5 3
8 0.1 0.75 0.5 13
8 0.1 0.75 0.5 26
8 0.1 0.75 0.5 128
8 0.1 0.75 0.8 3
8 0.1 0.75 0.8 13
8 0.1 0.75 0.8 26
8 0.1 0.75 0.8 128
8 0.1 1.0 0.01 3
8 0.1 1.0 0.01 13
8 0.1 1.0 0.01 26
8 0.1 1.0 0.01 128
8 0.1 1.0 0.1 3
8 0.1 1.0 0.1 13
8 0.1 1.0 0.1 26
8 0.1 1.0 0.1 128
8 0.1 1.0 0.3 3
8 0.1 1.0 0.3 13
8 0.1 1.0 0.3 26
8 0.1 1.0 0.3 128
8 0.1 1.0 0.5 3
8 0.1 1.0 0.5 13
8 0.1 1.0 0.5 26
8 0.1 1.0 0.5 128
8 0.1 1.0 0.8 3
8 0.1 1.0 0.8 13
8 0.1 1.0 0.8 26
8 0.1 1.0 0.8 128
8 0.25 0.0 0.01 3
8 0.25 0.0 0.01 13
8 0.25 0.0 0.01 26
8 0.25 0.0 0.01 128
8 0.25 0.0 0.1 3
8 0.25 0.0 0.1 13
8 0.25 0.0 0.1 26
8 0.25 0.0 0.1 128
8 0.25 0.0 0.3 3
8 0.25 0.0 0.3 13
8 0.25 0.0 0.3 26
8 0.25 0.0 0.3 128
8 0.25 0.0 0.5 3
8 0.25 0.0 0.5 13
8 0.25 0.0 0.5 26
8 0.25 0.0 0.5 128
8 0.25 0.0 0.8 3
8 0.25 0.0 0.8 13
8 0.25 0.0 0.8 26
8 0.25 0.0 0.8 128
8 0.25 0.25 0.01 3
8 0.25 0.25 0.01 13
8 0.25 0.25 0.01 26
8 0.25 0.25 0.01 128
8 0.25 0.25 0.1 3
8 0.25 0.25 0.1 13
8 0.25 0.25 0.1 26
8 0.25 0.25 0.1 128
8 0.25 0.25 0.3 3
8 0.25 0.25 0.3 13
8 0.25 0.25 0.3 26
8 0.25 0.25 0.3 128
8 0.25 0.25 0.5 3
8 0.25 0.25 0.5 13
8 0.25 0.25 0.5 26
8 0.25 0.25 0.5 128
8 0.25 0.25 0.8 3
8 0.25 0.25 0.8 13
8 0.25 0.25 0.8 26
8 0.25 0.25 0.8 128
8 0.25 0.5 0.01 3
8 0.25 0.5 0.01 13
8 0.25 0.5 0.01 26
8 0.25 0.5 0.01 128
8 0.25 0.5 0.1 3
8 0.25 0.5 0.1 13
8 0.25 0.5 0.1 26
8 0.25 0.5 0.1 128
8 0.25 0.5 0.3 3
8 0.25 0.5 0.3 13
8 0.25 0.5 0.3 26
8 0.25 0.5 0.3 128
8 0.25 0.5 0.5 3
8 0.25 0.5 0.5 13
8 0.25 0.5 0.5 26
8 0.25 0.5 0.5 128
8 0.25 0.5 0.8 3
8 0.25 0.5 0.8 13
8 0.25 0.5 0.8 26
8 0.25 0.5 0.8 128
8 0.25 0.75 0.01 3
8 0.25 0.75 0.01 13
8 0.25 0.75 0.01 26
8 0.25 0.75 0.01 128
8 0.25 0.75 0.1 3
8 0.25 0.75 0.1 13
8 0.25 0.75 0.1 26
8 0.25 0.75 0.1 128
8 0.25 0.75 0.3 3
8 0.25 0.75 0.3 13
8 0.25 0.75 0.3 26
8 0.25 0.75 0.3 128
8 0.25 0.75 0.5 3
8 0.25 0.75 0.5 13
8 0.25 0.75 0.5 26
8 0.25 0.75 0.5 128
8 0.25 0.75 0.8 3
8 0.25 0.75 0.8 13
8 0.25 0.75 0.8 26
8 0.25 0.75 0.8 128
8 0.25 1.0 0.01 3
8 0.25 1.0 0.01 13
8 0.25 1.0 0.01 26
8 0.25 1.0 0.01 128
8 0.25 1.0 0.1 3
8 0.25 1.0 0.1 13
8 0.25 1.0 0.1 26
8 0.25 1.0 0.1 128
8 0.25 1.0 0.3 3
8 0.25 1.0 0.3 13
8 0.25 1.0 0.3 26
8 0.25 1.0 0.3 128
8 0.25 1.0 0.5 3
8 0.25 1.0 0.5 13
8 0.25 1.0 0.5 26
8 0.25 1.0 0.5 128
8 0.25 1.0 0.8 3
8 0.25 1.0 0.8 13
8 0.25 1.0 0.8 26
8 0.25 1.0 0.8 128
8 0.5 0.0 0.01 3
8 0.5 0.0 0.01 13
8 0.5 0.0 0.01 26
8 0.5 0.0 0.01 128
8 0.5 0.0 0.1 3
8 0.5 0.0 0.1 13
8 0.5 0.0 0.1 26
8 0.5 0.0 0.1 128
8 0.5 0.0 0.3 3
8 0.5 0.0 0.3 13
8 0.5 0.0 0.3 26
8 0.5 0.0 0.3 128
8 0.5 0.0 0.5 3
8 0.5 0.0 0.5 13
8 0.5 0.0 0.5 26
8 0.5 0.0 0.5 128
8 0.5 0.0 0.8 3
8 0.5 0.0 0.8 13
8 0.5 0.0 0.8 26
8 0.5 0.0 0.8 128
8 0.5 0.25 0.01 3
8 0.5 0.25 0.01 13
8 0.5 0.25 0.01 26
8 0.5 0.25 0.01 128
8 0.5 0.25 0.1 3
8 0.5 0.25 0.1 13
8 0.5 0.25 0.1 26
8 0.5 0.25 0.1 128
8 0.5 0.25 0.3 3
8 0.5 0.25 0.3 13
8 0.5 0.25 0.3 26
8 0.5 0.25 0.3 128
8 0.5 0.25 0.5 3
8 0.5 0.25 0.5 13
8 0.5 0.25 0.5 26
8 0.5 0.25 0.5 128
8 0.5 0.25 0.8 3
8 0.5 0.25 0.8 13
8 0.5 0.25 0.8 26
8 0.5 0.25 0.8 128
8 0.5 0.5 0.01 3
8 0.5 0.5 0.01 13
8 0.5 0.5 0.01 26
8 0.5 0.5 0.01 128
8 0.5 0.5 0.1 3
8 0.5 0.5 0.1 13
8 0.5 0.5 0.1 26
8 0.5 0.5 0.1 128
8 0.5 0.5 0.3 3
8 0.5 0.5 0.3 13
8 0.5 0.5 0.3 26
8 0.5 0.5 0.3 128
8 0.5 0.5 0.5 3
8 0.5 0.5 0.5 13
8 0.5 0.5 0.5 26
8 0.5 0.5 0.5 128
8 0.5 0.5 0.8 3
8 0.5 0.5 0.8 13
8 0.5 0.5 0.8 26
8 0.5 0.5 0.8 128
8 0.5 0.75 0.01 3
8 0.5 0.75 0.01 13
8 0.5 0.75 0.01 26
8 0.5 0.75 0.01 128
8 0.5 0.75 0.1 3
8 0.5 0.75 0.1 13
8 0.5 0.75 0.1 26
8 0.5 0.75 0.1 128
8 0.5 0.75 0.3 3
8 0.5 0.75 0.3 13
8 0.5 0.75 0.3 26
8 0.5 0.75 0.3 128
8 0.5 0.75 0.5 3
8 0.5 0.75 0.5 13
8 0.5 0.75 0.5 26
8 0.5 0.75 0.5 128
8 0.5 0.75 0.8 3
8 0.5 0.75 0.8 13
8 0.5 0.75 0.8 26
8 0.5 0.75 0.8 128
8 0.5 1.0 0.01 3
8 0.5 1.0 0.01 13
8 0.5 1.0 0.01 26
8 0.5 1.0 0.01 128
8 0.5 1.0 0.1 3
8 0.5 1.0 0.1 13
8 0.5 1.0 0.1 26
8 0.5 1.0 0.1 128
8 0.5 1.0 0.3 3
8 0.5 1.0 0.3 13
8 0.5 1.0 0.3 26
8 0.5 1.0 0.3 128
8 0.5 1.0 0.5 3
8 0.5 1.0 0.5 13
8 0.5 1.0 0.5 26
8 0.5 1.0 0.5 128
8 0.5 1.0 0.8 3
8 0.5 1.0 0.8 13
8 0.5 1.0 0.8 26
8 0.5 1.0 0.8 128
8 0.75 0.0 0.01 3
8 0.75 0.0 0.01 13
8 0.75 0.0 0.01 26
8 0.75 0.0 0.01 128
8 0.75 0.0 0.1 3
8 0.75 0.0 0.1 13
8 0.75 0.0 0.1 26
8 0.75 0.0 0.1 128
8 0.75 0.0 0.3 3
8 0.75 0.0 0.3 13
8 0.75 0.0 0.3 26
8 0.75 0.0 0.3 128
8 0.75 0.0 0.5 3
8 0.75 0.0 0.5 13
8 0.75 0.0 0.5 26
8 0.75 0.0 0.5 128
8 0.75 0.0 0.8 3
8 0.75 0.0 0.8 13
8 0.75 0.0 0.8 26
8 0.75 0.0 0.8 128
8 0.75 0.25 0.01 3
8 0.75 0.25 0.01 13
8 0.75 0.25 0.01 26
8 0.75 0.25 0.01 128
8 0.75 0.25 0.1 3
8 0.75 0.25 0.1 13
8 0.75 0.25 0.1 26
8 0.75 0.25 0.1 128
8 0.75 0.25 0.3 3
8 0.75 0.25 0.3 13
8 0.75 0.25 0.3 26
8 0.75 0.25 0.3 128
8 0.75 0.25 0.5 3
8 0.75 0.25 0.5 13
8 0.75 0.25 0.5 26
8 0.75 0.25 0.5 128
8 0.75 0.25 0.8 3
8 0.75 0.25 0.8 13
8 0.75 0.25 0.8 26
8 0.75 0.25 0.8 128
8 0.75 0.5 0.01 3
8 0.75 0.5 0.01 13
8 0.75 0.5 0.01 26
8 0.75 0.5 0.01 128
8 0.75 0.5 0.1 3
8 0.75 0.5 0.1 13
8 0.75 0.5 0.1 26
8 0.75 0.5 0.1 128
8 0.75 0.5 0.3 3
8 0.75 0.5 0.3 13
8 0.75 0.5 0.3 26
8 0.75 0.5 0.3 128
8 0.75 0.5 0.5 3
8 0.75 0.5 0.5 13
8 0.75 0.5 0.5 26
8 0.75 0.5 0.5 128
8 0.75 0.5 0.8 3
8 0.75 0.5 0.8 13
8 0.75 0.5 0.8 26
8 0.75 0.5 0.8 128
8 0.75 0.75 0.01 3
8 0.75 0.75 0.01 13
8 0.75 0.75 0.01 26
8 0.75 0.75 0.01 128
8 0.75 0.75 0.1 3
8 0.75 0.75 0.1 13
8 0.75 0.75 0.1 26
8 0.75 0.75 0.1 128
8 0.75 0.75 0.3 3
8 0.75 0.75 0.3 13
8 0.75 0.75 0.3 26
8 0.75 0.75 0.3 128
8 0.75 0.75 0.5 3
8 0.75 0.75 0.5 13
8 0.75 0.75 0.5 26
8 0.75 0.75 0.5 128
8 0.75 0.75 0.8 3
8 0.75 0.75 0.8 13
8 0.75 0.75 0.8 26
8 0.75 0.75 0.8 128
8 0.75 1.0 0.01 3
8 0.75 1.0 0.01 13
8 0.75 1.0 0.01 26
8 0.75 1.0 0.01 128
8 0.75 1.0 0.1 3
8 0.75 1.0 0.1 13
8 0.75 1.0 0.1 26
8 0.75 1.0 0.1 128
8 0.75 1.0 0.3 3
8 0.75 1.0 0.3 13
8 0.75 1.0 0.3 26
8 0.75 1.0 0.3 128
8 0.75 1.0 0.5 3
8 0.75 1.0 0.5 13
8 0.75 1.0 0.5 26
8 0.75 1.0 0.5 128
8 0.75 1.0 0.8 3
8 0.75 1.0 0.8 13
8 0.75 1.0 0.8 26
8 0.75 1.0 0.8 128
8 1.0 0.0 0.01 3
8 1.0 0.0 0.01 13
8 1.0 0.0 0.01 26
8 1.0 0.0 0.01 128
8 1.0 0.0 0.1 3
8 1.0 0.0 0.1 13
8 1.0 0.0 0.1 26
8 1.0 0.0 0.1 128
8 1.0 0.0 0.3 3
8 1.0 0.0 0.3 13
8 1.0 0.0 0.3 26
8 1.0 0.0 0.3 128
8 1.0 0.0 0.5 3
8 1.0 0.0 0.5 13
8 1.0 0.0 0.5 26
8 1.0 0.0 0.5 128
8 1.0 0.0 0.8 3
8 1.0 0.0 0.8 13
8 1.0 0.0 0.8 26
8 1.0 0.0 0.8 128
8 1.0 0.25 0.01 3
8 1.0 0.25 0.01 13
8 1.0 0.25 0.01 26
8 1.0 0.25 0.01 128
8 1.0 0.25 0.1 3
8 1.0 0.25 0.1 13
8 1.0 0.25 0.1 26
8 1.0 0.25 0.1 128
8 1.0 0.25 0.3 3
8 1.0 0.25 0.3 13
8 1.0 0.25 0.3 26
8 1.0 0.25 0.3 128
8 1.0 0.25 0.5 3
8 1.0 0.25 0.5 13
8 1.0 0.25 0.5 26
8 1.0 0.25 0.5 128
8 1.0 0.25 0.8 3
8 1.0 0.25 0.8 13
8 1.0 0.25 0.8 26
8 1.0 0.25 0.8 128
8 1.0 0.5 0.01 3
8 1.0 0.5 0.01 13
8 1.0 0.5 0.01 26
8 1.0 0.5 0.01 128
8 1.0 0.5 0.1 3
8 1.0 0.5 0.1 13
8 1.0 0.5 0.1 26
8 1.0 0.5 0.1 128
8 1.0 0.5 0.3 3
8 1.0 0.5 0.3 13
8 1.0 0.5 0.3 26
8 1.0 0.5 0.3 128
8 1.0 0.5 0.5 3
8 1.0 0.5 0.5 13
8 1.0 0.5 0.5 26
8 1.0 0.5 0.5 128
8 1.0 0.5 0.8 3
8 1.0 0.5 0.8 13
8 1.0 0.5 0.8 26
8 1.0 0.5 0.8 128
8 1.0 0.75 0.01 3
8 1.0 0.75 0.01 13
8 1.0 0.75 0.01 26
8 1.0 0.75 0.01 128
8 1.0 0.75 0.1 3
8 1.0 0.75 0.1 13
8 1.0 0.75 0.1 26
8 1.0 0.75 0.1 128
8 1.0 0.75 0.3 3
8 1.0 0.75 0.3 13
8 1.0 0.75 0.3 26
8 1.0 0.75 0.3 128
8 1.0 0.75 0.5 3
8 1.0 0.75 0.5 13
8 1.0 0.75 0.5 26
8 1.0 0.75 0.5 128
8 1.0 0.75 0.8 3
8 1.0 0.75 0.8 13
8 1.0 0.75 0.8 26
8 1.0 0.75 0.8 128
8 1.0 1.0 0.01 3
8 1.0 1.0 0.01 13
8 1.0 1.0 0.01 26
8 1.0 1.0 0.01 128
8 1.0 1.0 0.1 3
8 1.0 1.0 0.1 13
8 1.0 1.0 0.1 26
8 1.0 1.0 0.1 128
8 1.0 1.0 0.3 3
8 1.0 1.0 0.3 13
8 1.0 1.0 0.3 26
8 1.0 1.0 0.3 128
8 1.0 1.0 0.5 3
8 1.0 1.0 0.5 13
8 1.0 1.0 0.5 26
8 1.0 1.0 0.5 128
8 1.0 1.0 0.8 3
8 1.0 1.0 0.8 13
8 1.0 1.0 0.8 26
8 1.0 1.0 0.8 128
9 0.05 0.0 0.01 5
9 0.05 0.0 0.01 26
9 0.05 0.0 0.01 51
9 0.05 0.0 0.01 256
9 0.05 0.0 0.1 5
9 0.05 0.0 0.1 26
9 0.05 0.0 0.1 51
9 0.05 0.0 0.1 256
9 0.05 0.0 0.3 5
9 0.05 0.0 0.3 26
9 0.05 0.0 0.3 51
9 0.05 0.0 0.3 256
9 0.05 0.0 0.5 5
9 0.05 0.0 0.5 26
9 0.05 0.0 0.5 51
9 0.05 0.0 0.5 256
9 0.05 0.0 0.8 5
9 0.05 0.0 0.8 26
9 0.05 0.0 0.8 51
9 0.05 0.0 0.8 256
9 0.05 0.25 0.01 5
9 0.05 0.25 0.01 26
9 0.05 0.25 0.01 51
9 0.05 0.25 0.01 256
9 0.05 0.25 0.1 5
9 0.05 0.25 0.1 26
9 0.05 0.25 0.1 51
9 0.05 0.25 0.1 256
9 0.05 0.25 0.3 5
9 0.05 0.25 0.3 26
9 0.05 0.25 0.3 51
9 0.05 0.25 0.3 256
9 0.05 0.25 0.5 5
9 0.05 0.25 0.5 26
9 0.05 0.25 0.5 51
9 0.05 0.25 0.5 256
9 0.05 0.25 0.8 5
9 0.05 0.25 0.8 26
9 0.05 0.25 0.8 51
9 0.05 0.25 0.8 256
9 0.05 0.5 0.01 5
9 0.05 0.5 0.01 26
9 0.05 0.5 0.01 51
9 0.05 0.5 0.01 256
9 0.05 0.5 0.1 5
9 0.05 0.5 0.1 26
9 0.05 0.5 0.1 51
9 0.05 0.5 0.1 256
9 0.05 0.5 0.3 5
9 0.05 0.5 0.3 26
9 0.05 0.5 0.3 51
9 0.05 0.5 0.3 256
9 0.05 0.5 0.5 5
9 0.05 0.5 0.5 26
9 0.05 0.5 0.5 51
9 0.05 0.5 0.5 256
9 0.05 0.5 0.8 5
9 0.05 0.5 0.8 26
9 0.05 0.5 0.8 51
9 0.05 0.5 0.8 256
9 0.05 0.75 0.01 5
9 0.05 0.75 0.01 26
9 0.05 0.75 0.01 51
9 0.05 0.75 0.01 256
9 0.05 0.75 0.1 5
9 0.05 0.75 0.1 26
9 0.05 0.75 0.1 51
9 0.05 0.75 0.1 256
9 0.05 0.75 0.3 5
9 0.05 0.75 0.3 26
9 0.05 0.75 0.3 51
9 0.05 0.75 0.3 256
9 0.05 0.75 0.5 5
9 0.05 0.75 0.5 26
9 0.05 0.75 0.5 51
9 0.05 0.75 0.5 256
9 0.05 0.75 0.8 5
9 0.05 0.75 0.8 26
9 0.05 0.75 0.8 51
9 0.05 0.75 0.8 256
9 0.05 1.0 0.01 5
9 0.05 1.0 0.01 26
9 0.05 1.0 0.01 51
9 0.05 1.0 0.01 256
9 0.05 1.0 0.1 5
9 0.05 1.0 0.1 26
9 0.05 1.0 0.1 51
9 0.05 1.0 0.1 256
9 0.05 1.0 0.3 5
9 0.05 1.0 0.3 26
9 0.05 1.0 0.3 51
9 0.05 1.0 0.3 256
9 0.05 1.0 0.5 5
9 0.05 1.0 0.5 26
9 0.05 1.0 0.5 51
9 0.05 1.0 0.5 256
9 0.05 1.0 0.8 5
9 0.05 1.0 0.8 26
9 0.05 1.0 0.8 51
9 0.05 1.0 0.8 256
9 0.1 0.0 0.01 5
9 0.1 0.0 0.01 26
9 0.1 0.0 0.01 51
9 0.1 0.0 0.01 256
9 0.1 0.0 0.1 5
9 0.1 0.0 0.1 26
9 0.1 0.0 0.1 51
9 0.1 0.0 0.1 256
9 0.1 0.0 0.3 5
9 0.1 0.0 0.3 26
9 0.1 0.0 0.3 51
9 0.1 0.0 0.3 256
9 0.1 0.0 0.5 5
9 0.1 0.0 0.5 26
9 0.1 0.0 0.5 51
9 0.1 0.0 0.5 256
9 0.1 0.0 0.8 5
9 0.1 0.0 0.8 26
9 0.1 0.0 0.8 51
9 0.1 0.0 0.8 256
9 0.1 0.25 0.01 5
9 0.1 0.25 0.01 26
9 0.1 0.25 0.01 51
9 0.1 0.25 0.01 256
9 0.1 0.25 0.1 5
9 0.1 0.25 0.1 26
9 0.1 0.25 0.1 51
9 0.1 0.25 0.1 256
9 0.1 0.25 0.3 5
9 0.1 0.25 0.3 26
9 0.1 0.25 0.3 51
9 0.1 0.25 0.3 256
9 0.1 0.25 0.5 5
9 0.1 0.25 0.5 26
9 0.1 0.25 0.5 51
9 0.1 0.25 0.5 256
9 0.1 0.25 0.8 5
9 0.1 0.25 0.8 26
9 0.1 0.25 0.8 51
9 0.1 0.25 0.8 256
9 0.1 0.5 0.01 5
9 0.1 0.5 0.01 26
9 0.1 0.5 0.01 51
9 0.1 0.5 0.01 256
9 0.1 0.5 0.1 5
9 0.1 0.5 0.1 26
9 0.1 0.5 0.1 51
9 0.1 0.5 0.1 256
9 0.1 0.5 0.3 5
9 0.1 0.5 0.3 26
9 0.1 0.5 0.3 51
9 0.1 0.5 0.3 256
9 0.1 0.5 0.5 5
9 0.1 0.5 0.5 26
9 0.1 0.5 0.5 51
9 0.1 0.5 0.5 256
9 0.1 0.5 0.8 5
9 0.1 0.5 0.8 26
9 0.1 0.5 0.8 51
9 0.1 0.5 0.8 256
9 0.1 0.75 0.01 5
9 0.1 0.75 0.01 26
9 0.1 0.75 0.01 51
9 0.1 0.75 0.01 256
9 0.1 0.75 0.1 5
9 0.1 0.75 0.1 26
9 0.1 0.75 0.1 51
9 0.1 0.75 0.1 256
9 0.1 0.75 0.3 5
9 0.1 0.75 0.3 26
9 0.1 0.75 0.3 51
9 0.1 0.75 0.3 256
9 0.1 0.75 0.5 5
9 0.1 0.75 0.5 26
9 0.1 0.75 0.5 51
9 0.1 0.75 0.5 256
9 0.1 0.75 0.8 5
9 0.1 0.75 0.8 26
9 0.1 0.75 0.8 51
9 0.1 0.75 0.8 256
9 0.1 1.0 0.01 5
9 0.1 1.0 0.01 26
9 0.1 1.0 0.01 51
9 0.1 1.0 0.01 256
9 0.1 1.0 0.1 5
9 0.1 1.0 0.1 26
9 0.1 1.0 0.1 51
9 0.1 1.0 0.1 256
9 0.1 1.0 0.3 5
9 0.1 1.0 0.3 26
9 0.1 1.0 0.3 51
9 0.1 1.0 0.3 256
9 0.1 1.0 0.5 5
9 0.1 1.0 0.5 26
9 0.1 1.0 0.5 51
9 0.1 1.0 0.5 256
9 0.1 1.0 0.8 5
9 0.1 1.0 0.8 26
9 0.1 1.0 0.8 51
9 0.1 1.0 0.8 256
9 0.25 0.0 0.01 5
9 0.25 0.0 0.01 26
9 0.25 0.0 0.01 51
9 0.25 0.0 0.01 256
9 0.25 0.0 0.1 5
9 0.25 0.0 0.1 26
9 0.25 0.0 0.1 51
9 0.25 0.0 0.1 256
9 0.25 0.0 0.3 5
9 0.25 0.0 0.3 26
9 0.25 0.0 0.3 51
9 0.25 0.0 0.3 256
9 0.25 0.0 0.5 5
9 0.25 0.0 0.5 26
9 0.25 0.0 0.5 51
9 0.25 0.0 0.5 256
9 0.25 0.0 0.8 5
9 0.25 0.0 0.8 26
9 0.25 0.0 0.8 51
9 0.25 0.0 0.8 256
9 0.25 0.25 0.01 5
9 0.25 0.25 0.01 26
9 0.25 0.25 0.01 51
9 0.25 0.25 0.01 256
9 0.25 0.25 0.1 5
9 0.25 0.25 0.1 26
9 0.25 0.25 0.1 51
9 0.25 0.25 0.1 256
9 0.25 0.25 0.3 5
9 0.25 0.25 0.3 26
9 0.25 0.25 0.3 51
9 0.25 0.25 0.3 256
9 0.25 0.25 0.5 5
9 0.25 0.25 0.5 26
9 0.25 0.25 0.5 51
9 0.25 0.25 0.5 256
9 0.25 0.25 0.8 5
9 0.25 0.25 0.8 26
9 0.25 0.25 0.8 51
9 0.25 0.25 0.8 256
9 0.25 0.5 0.01 5
9 0.25 0.5 0.01 26
9 0.25 0.5 0.01 51
9 0.25 0.5 0.01 256
9 0.25 0.5 0.1 5
9 0.25 0.5 0.1 26
9 0.25 0.5 0.1 51
9 0.25 0.5 0.1 256
9 0.25 0.5 0.3 5
9 0.25 0.5 0.3 26
9 0.25 0.5 0.3 51
9 0.25 0.5 0.3 256
9 0.25 0.5 0.5 5
9 0.25 0.5 0.5 26
9 0.25 0.5 0.5 51
9 0.25 0.5 0.5 256
9 0.25 0.5 0.8 5
9 0.25 0.5 0.8 26
9 0.25 0.5 0.8 51
9 0.25 0.5 0.8 256
9 0.25 0.75 0.01 5
9 0.25 0.75 0.01 26
9 0.25 0.75 0.01 51
9 0.25 0.75 0.01 256
9 0.25 0.75 0.1 5
9 0.25 0.75 0.1 26
9 0.25 0.75 0.1 51
9 0.25 0.75 0.1 256
9 0.25 0.75 0.3 5
9 0.25 0.75 0.3 26
9 0.25 0.75 0.3 51
9 0.25 0.75 0.3 256
9 0.25 0.75 0.5 5
9 0.25 0.75 0.5 26
9 0.25 0.75 0.5 51
9 0.25 0.75 0.5 256
9 0.25 0.75 0.8 5
9 0.25 0.75 0.8 26
9 0.25 0.75 0.8 51
9 0.25 0.75 0.8 256
9 0.25 1.0 0.01 5
9 0.25 1.0 0.01 26
9 0.25 1.0 0.01 51
9 0.25 1.0 0.01 256
9 0.25 1.0 0.1 5
9 0.25 1.0 0.1 26
9 0.25 1.0 0.1 51
9 0.25 1.0 0.1 256
9 0.25 1.0 0.3 5
9 0.25 1.0 0.3 26
9 0.25 1.0 0.3 51
9 0.25 1.0 0.3 256
9 0.25 1.0 0.5 5
9 0.25 1.0 0.5 26
9 0.25 1.0 0.5 51
9 0.25 1.0 0.5 256
9 0.25 1.0 0.8 5
9 0.25 1.0 0.8 26
9 0.25 1.0 0.8 51
9 0.25 1.0 0.8 256
9 0.5 0.0 0.01 5
9 0.5 0.0 0.01 26
9 0.5 0.0 0.01 51
9 0.5 0.0 0.01 256
9 0.5 0.0 0.1 5
9 0.5 0.0 0.1 26
9 0.5 0.0 0.1 51
9 0.5 0.0 0.1 256
9 0.5 0.0 0.3 5
9 0.5 0.0 0.3 26
9 0.5 0.0 0.3 51
9 0.5 0.0 0.3 256
9 0.5 0.0 0.5 5
9 0.5 0.0 0.5 26
9 0.5 0.0 0.5 51
9 0.5 0.0 0.5 256
9 0.5 0.0 0.8 5
9 0.5 0.0 0.8 26
9 0.5 0.0 0.8 51
9 0.5 0.0 0.8 256
9 0.5 0.25 0.01 5
9 0.5 0.25 0.01 26
9 0.5 0.25 0.01 51
9 0.5 0.25 0.01 256
9 0.5 0.25 0.1 5
9 0.5 0.25 0.1 26
9 0.5 0.25 0.1 51
9 0.5 0.25 0.1 256
9 0.5 0.25 0.3 5
9 0.5 0.25 0.3 26
9 0.5 0.25 0.3 51
9 0.5 0.25 0.3 256
9 0.5 0.25 0.5 5
9 0.5 0.25 0.5 26
9 0.5 0.25 0.5 51
9 0.5 0.25 0.5 256
9 0.5 0.25 0.8 5
9 0.5 0.25 0.8 26
9 0.5 0.25 0.8 51
9 0.5 0.25 0.8 256
9 0.5 0.5 0.01 5
9 0.5 0.5 0.01 26
9 0.5 0.5 0.01 51
9 0.5 0.5 0.01 256
9 0.5 0.5 0.1 5
9 0.5 0.5 0.1 26
9 0.5 0.5 0.1 51
9 0.5 0.5 0.1 256
9 0.5 0.5 0.3 5
9 0.5 0.5 0.3 26
9 0.5 0.5 0.3 51
9 0.5 0.5 0.3 256
9 0.5 0.5 0.5 5
9 0.5 0.5 0.5 26
9 0.5 0.5 0.5 51
9 0.5 0.5 0.5 256
9 0.5 0.5 0.8 5
9 0.5 0.5 0.8 26
9 0.5 0.5 0.8 51
9 0.5 0.5 0.8 256
9 0.5 0.75 0.01 5
9 0.5 0.75 0.01 26
9 0.5 0.75 0.01 51
9 0.5 0.75 0.01 256
9 0.5 0.75 0.1 5
9 0.5 0.75 0.1 26
9 0.5 0.75 0.1 51
9 0.5 0.75 0.1 256
9 0.5 0.75 0.3 5
9 0.5 0.75 0.3 26
9 0.5 0.75 0.3 51
9 0.5 0.75 0.3 256
9 0.5 0.75 0.5 5
9 0.5 0.75 0.5 26
9 0.5 0.75 0.5 51
9 0.5 0.75 0.5 256
9 0.5 0.75 0.8 5
9 0.5 0.75 0.8 26
9 0.5 0.75 0.8 51
9 0.5 0.75 0.8 256
9 0.5 1.0 0.01 5
9 0.5 1.0 0.01 26
9 0.5 1.0 0.01 51
9 0.5 1.0 0.01 256
9 0.5 1.0 0.1 5
9 0.5 1.0 0.1 26
9 0.5 1.0 0.1 51
9 0.5 1.0 0.1 256
9 0.5 1.0 0.3 5
9 0.5 1.0 0.3 26
9 0.5 1.0 0.3 51
9 0.5 1.0 0.3 256
9 0.5 1.0 0.5 5
9 0.5 1.0 0.5 26
9 0.5 1.0 0.5 51
9 0.5 1.0 0.5 256
9 0.5 1.0 0.8 5
9 0.5 1.0 0.8 26
9 0.5 1.0 0.8 51
9 0.5 1.0 0.8 256
9 0.75 0.0 0.01 5
9 0.75 0.0 0.01 26
9 0.75 0.0 0.01 51
9 0.75 0.0 0.01 256
9 0.75 0.0 0.1 5
9 0.75 0.0 0.1 26
9 0.75 0.0 0.1 51
9 0.75 0.0 0.1 256
9 0.75 0.0 0.3 5
9 0.75 0.0 0.3 26
9 0.75 0.0 0.3 51
9 0.75 0.0 0.3 256
9 0.75 0.0 0.5 5
9 0.75 0.0 0.5 26
9 0.75 0.0 0.5 51
9 0.75 0.0 0.5 256
9 0.75 0.0 0.8 5
9 0.75 0.0 0.8 26
9 0.75 0.0 0.8 51
9 0.75 0.0 0.8 256
9 0.75 0.25 0.01 5
9 0.75 0.25 0.01 26
9 0.75 0.25 0.01 51
9 0.75 0.25 0.01 256
9 0.75 0.25 0.1 5
9 0.75 0.25 0.1 26
9 0.75 0.25 0.1 51
9 0.75 0.25 0.1 256
9 0.75 0.25 0.3 5
9 0.75 0.25 0.3 26
9 0.75 0.25 0.3 51
9 0.75 0.25 0.3 256
9 0.75 0.25 0.5 5
9 0.75 0.25 0.5 26
9 0.75 0.25 0.5 51
9 0.75 0.25 0.5 256
9 0.75 0.25 0.8 5
9 0.75 0.25 0.8 26
9 0.75 0.25 0.8 51
9 0.75 0.25 0.8 256
9 0.75 0.5 0.01 5
9 0.75 0.5 0.01 26
9 0.75 0.5 0.01 51
9 0.75 0.5 0.01 256
9 0.75 0.5 0.1 5
9 0.75 0.5 0.1 26
9 0.75 0.5 0.1 51
9 0.75 0.5 0.1 256
9 0.75 0.5 0.3 5
9 0.75 0.5 0.3 26
9 0.75 0.5 0.3 51
9 0.75 0.5 0.3 256
9 0.75 0.5 0.5 5
9 0.75 0.5 0.5 26
9 0.75 0.5 0.5 51
9 0.75 0.5 0.5 256
9 0.75 0.5 0.8 5
9 0.75 0.5 0.8 26
9 0.75 0.5 0.8 51
9 0.75 0.5 0.8 256
9 0.75 0.75 0.01 5
9 0.75 0.75 0.01 26
9 0.75 0.75 0.01 51
9 0.75 0.75 0.01 256
9 0.75 0.75 0.1 5
9 0.75 0.75 0.1 26
9 0.75 0.75 0.1 51
9 0.75 0.75 0.1 256
9 0.75 0.75 0.3 5
9 0.75 0.75 0.3 26
9 0.75 0.75 0.3 51
9 0.75 0.75 0.3 256
9 0.75 0.75 0.5 5
9 0.75 0.75 0.5 26
9 0.75 0.75 0.5 51
9 0.75 0.75 0.5 256
9 0.75 0.75 0.8 5
9 0.75 0.75 0.8 26
9 0.75 0.75 0.8 51
9 0.75 0.75 0.8 256
9 0.75 1.0 0.01 5
9 0.75 1.0 0.01 26
9 0.75 1.0 0.01 51
9 0.75 1.0 0.01 256
9 0.75 1.0 0.1 5
9 0.75 1.0 0.1 26
9 0.75 1.0 0.1 51
9 0.75 1.0 0.1 256
9 0.75 1.0 0.3 5
9 0.75 1.0 0.3 26
9 0.75 1.0 0.3 51
9 0.75 1.0 0.3 256
9 0.75 1.0 0.5 5
9 0.75 1.0 0.5 26
9 0.75 1.0 0.5 51
9 0.75 1.0 0.5 256
9 0.75 1.0 0.8 5
9 0.75 1.0 0.8 26
9 0.75 1.0 0.8 51
9 0.75 1.0 0.8 256
9 1.0 0.0 0.01 5
9 1.0 0.0 0.01 26
9 1.0 0.0 0.01 51
9 1.0 0.0 0.01 256
9 1.0 0.0 0.1 5
9 1.0 0.0 0.1 26
9 1.0 0.0 0.1 51
9 1.0 0.0 0.1 256
9 1.0 0.0 0.3 5
9 1.0 0.0 0.3 26
9 1.0 0.0 0.3 51
9 1.0 0.0 0.3 256
9 1.0 0.0 0.5 5
9 1.0 0.0 0.5 26
9 1.0 0.0 0.5 51
9 1.0 0.0 0.5 256
9 1.0 0.0 0.8 5
9 1.0 0.0 0.8 26
9 1.0 0.0 0.8 51
9 1.0 0.0 0.8 256
9 1.0 0.25 0.01 5
9 1.0 0.25 0.01 26
9 1.0 0.25 0.01 51
9 1.0 0.25 0.01 256
9 1.0 0.25 0.1 5
9 1.0 0.25 0.1 26
9 1.0 0.25 0.1 51
9 1.0 0.25 0.1 256
9 1.0 0.25 0.3 5
9 1.0 0.25 0.3 26
9 1.0 0.25 0.3 51
9 1.0 0.25 0.3 256
9 1.0 0.25 0.5 5
9 1.0 0.25 0.5 26
9 1.0 0.25 0.5 51
9 1.0 0.25 0.5 256
9 1.0 0.25 0.8 5
9 1.0 0.25 0.8 26
9 1.0 0.25 0.8 51
9 1.0 0.25 0.8 256
9 1.0 0.5 0.01 5
9 1.0 0.5 0.01 26
9 1.0 0.5 0.01 51
9 1.0 0.5 0.01 256
9 1.0 0.5 0.1 5
9 1.0 0.5 0.1 26
9 1.0 0.5 0.1 51
9 1.0 0.5 0.1 256
9 1.0 0.5 0.3 5
9 1.0 0.5 0.3 26
9 1.0 0.5 0.3 51
9 1.0 0.5 0.3 256
9 1.0 0.5 0.5 5
9 1.0 0.5 0.5 26
9 1.0 0.5 0.5 51
9 1.0 0.5 0.5 256
9 1.0 0.5 0.8 5
9 1.0 0.5 0.8 26
9 1.0 0.5 0.8 51
9 1.0 0.5 0.8 256
9 1.0 0.75 0.01 5
9 1.0 0.75 0.01 26
9 1.0 0.75 0.01 51
9 1.0 0.75 0.01 256
9 1.0 0.75 0.1 5
9 1.0 0.75 0.1 26
9 1.0 0.75 0.1 51
9 1.0 0.75 0.1 256
9 1.0 0.75 0.3 5
9 1.0 0.75 0.3 26
9 1.0 0.75 0.3 51
9 1.0 0.75 0.3 256
9 1.0 0.75 0.5 5
9 1.0 0.75 0.5 26
9 1.0 0.75 0.5 51
9 1.0 0.75 0.5 256
9 1.0 0.75 0.8 5
9 1.0 0.75 0.8 26
9 1.0 0.75 0.8 51
9 1.0 0.75 0.8 256
9 1.0 1.0 0.01 5
9 1.0 1.0 0.01 26
9 1.0 1.0 0.01 51
9 1.0 1.0 0.01 256
9 1.0 1.0 0.1 5
9 1.0 1.0 0.1 26
9 1.0 1.0 0.1 51
9 1.0 1.0 0.1 256
9 1.0 1.0 0.3 5
9 1.0 1.0 0.3 26
9 1.0 1.0 0.3 51
9 1.0 1.0 0.3 256
9 1.0 1.0 0.5 5
9 1.0 1.0 0.5 26
9 1.0 1.0 0.5 51
9 1.0 1.0 0.5 256
9 1.0 1.0 0.8 5
9 1.0 1.0 0.8 26
9 1.0 1.0 0.8 51
9 1.0 1.0 0.8 256
10 0.05 0.0 0.01 10
10 0.05 0.0 0.01 51
10 0.05 0.0 0.01 102
10 0.05 0.0 0.01 512
10 0.05 0.0 0.1 10
10 0.05 0.0 0.1 51
10 0.05 0.0 0.1 102
10 0.05 0.0 0.1 512
10 0.05 0.0 0.3 10
10 0.05 0.0 0.3 51
10 0.05 0.0 0.3 102
10 0.05 0.0 0.3 512
10 0.05 0.0 0.5 10
10 0.05 0.0 0.5 51
10 0.05 0.0 0.5 102
10 0.05 0.0 0.5 512
10 0.05 0.0 0.8 10
10 0.05 0.0 0.8 51
10 0.05 0.0 0.8 102
10 0.05 0.0 0.8 512
10 0.05 0.25 0.01 10
10 0.05 0.25 0.01 51
10 0.05 0.25 0.01 102
10 0.05 0.25 0.01 512
10 0.05 0.25 0.1 10
10 0.05 0.25 0.1 51
10 0.05 0.25 0.1 102
10 0.05 0.25 0.1 512
10 0.05 0.25 0.3 10
10 0.05 0.25 0.3 51
10 0.05 0.25 0.3 102
10 0.05 0.25 0.3 512
10 0.05 0.25 0.5 10
10 0.05 0.25 0.5 51
10 0.05 0.25 0.5 102
10 0.05 0.25 0.5 512
10 0.05 0.25 0.8 10
10 0.05 0.25 0.8 51
10 0.05 0.25 0.8 102
10 0.05 0.25 0.8 512
10 0.05 0.5 0.01 10
10 0.05 0.5 0.01 51
10 0.05 0.5 0.01 102
10 0.05 0.5 0.01 512
10 0.05 0.5 0.1 10
10 0.05 0.5 0.1 51
10 0.05 0.5 0.1 102
10 0.05 0.5 0.1 512
10 0.05 0.5 0.3 10
10 0.05 0.5 0.3 51
10 0.05 0.5 0.3 102
10 0.05 0.5 0.3 512
10 0.05 0.5 0.5 10
10 0.05 0.5 0.5 51
10 0.05 0.5 0.5 102
10 0.05 0.5 0.5 512
10 0.05 0.5 0.8 10
10 0.05 0.5 0.8 51
10 0.05 0.5 0.8 102
10 0.05 0.5 0.8 512
10 0.05 0.75 0.01 10
10 0.05 0.75 0.01 51
10 0.05 0.75 0.01 102
10 0.05 0.75 0.01 512
10 0.05 0.75 0.1 10
10 0.05 0.75 0.1 51
10 0.05 0.75 0.1 102
10 0.05 0.75 0.1 512
10 0.05 0.75 0.3 10
10 0.05 0.75 0.3 51
10 0.05 0.75 0.3 102
10 0.05 0.75 0.3 512
10 0.05 0.75 0.5 10
10 0.05 0.75 0.5 51
10 0.05 0.75 0.5 102
10 0.05 0.75 0.5 512
10 0.05 0.75 0.8 10
10 0.05 0.75 0.8 51
10 0.05 0.75 0.8 102
10 0.05 0.75 0.8 512
10 0.05 1.0 0.01 10
10 0.05 1.0 0.01 51
10 0.05 1.0 0.01 102
10 0.05 1.0 0.01 512
10 0.05 1.0 0.1 10
10 0.05 1.0 0.1 51
10 0.05 1.0 0.1 102
10 0.05 1.0 0.1 512
10 0.05 1.0 0.3 10
10 0.05 1.0 0.3 51
10 0.05 1.0 0.3 102
10 0.05 1.0 0.3 512
10 0.05 1.0 0.5 10
10 0.05 1.0 0.5 51
10 0.05 1.0 0.5 102
10 0.05 1.0 0.5 512
10 0.05 1.0 0.8 10
10 0.05 1.0 0.8 51
10 0.05 1.0 0.8 102
10 0.05 1.0 0.8 512
10 0.1 0.0 0.01 10
10 0.1 0.0 0.01 51
10 0.1 0.0 0.01 102
10 0.1 0.0 0.01 512
10 0.1 0.0 0.1 10
10 0.1 0.0 0.1 51
10 0.1 0.0 0.1 102
10 0.1 0.0 0.1 512
10 0.1 0.0 0.3 10
10 0.1 0.0 0.3 51
10 0.1 0.0 0.3 102
10 0.1 0.0 0.3 512
10 0.1 0.0 0.5 10
10 0.1 0.0 0.5 51
10 0.1 0.0 0.5 102
10 0.1 0.0 0.5 512
10 0.1 0.0 0.8 10
10 0.1 0.0 0.8 51
10 0.1 0.0 0.8 102
10 0.1 0.0 0.8 512
10 0.1 0.25 0.01 10
10 0.1 0.25 0.01 51
10 0.1 0.25 0.01 102
10 0.1 0.25 0.01 512
10 0.1 0.25 0.1 10
10 0.1 0.25 0.1 51
10 0.1 0.25 0.1 102
10 0.1 0.25 0.1 512
10 0.1 0.25 0.3 10
10 0.1 0.25 0.3 51
10 0.1 0.25 0.3 102
10 0.1 0.25 0.3 512
10 0.1 0.25 0.5 10
10 0.1 0.25 0.5 51
10 0.1 0.25 0.5 102
10 0.1 0.25 0.5 512
10 0.1 0.25 0.8 10
10 0.1 0.25 0.8 51
10 0.1 0.25 0.8 102
10 0.1 0.25 0.8 512
10 0.1 0.5 0.01 10
10 0.1 0.5 0.01 51
10 0.1 0.5 0.01 102
10 0.1 0.5 0.01 512
10 0.1 0.5 0.1 10
10 0.1 0.5 0.1 51
10 0.1 0.5 0.1 102
10 0.1 0.5 0.1 512
10 0.1 0.5 0.3 10
10 0.1 0.5 0.3 51
10 0.1 0.5 0.3 102
10 0.1 0.5 0.3 512
10 0.1 0.5 0.5 10
10 0.1 0.5 0.5 51
10 0.1 0.5 0.5 102
10 0.1 0.5 0.5 512
10 0.1 0.5 0.8 10
10 0.1 0.5 0.8 51
10 0.1 0.5 0.8 102
10 0.1 0.5 0.8 512
10 0.1 0.75 0.01 10
10 0.1 0.75 0.01 51
10 0.1 0.75 0.01 102
10 0.1 0.75 0.01 512
10 0.1 0.75 0.1 10
10 0.1 0.75 0.1 51
10 0.1 0.75 0.1 102
10 0.1 0.75 0.1 512
10 0.1 0.75 0.3 10
10 0.1 0.75 0.3 51
10 0.1 0.75 0.3 102
10 0.1 0.75 0.3 512
10 0.1 0.75 0.5 10
10 0.1 0.75 0.5 51
10 0.1 0.75 0.5 102
10 0.1 0.75 0.5 512
10 0.1 0.75 0.8 10
10 0.1 0.75 0.8 51
10 0.1 0.75 0.8 102
10 0.1 0.75 0.8 512
10 0.1 1.0 0.01 10
10 0.1 1.0 0.01 51
10 0.1 1.0 0.01 102
10 0.1 1.0 0.01 512
10 0.1 1.0 0.1 10
10 0.1 1.0 0.1 51
10 0.1 1.0 0.1 102
10 0.1 1.0 0.1 512
10 0.1 1.0 0.3 10
10 0.1 1.0 0.3 51
10 0.1 1.0 0.3 102
10 0.1 1.0 0.3 512
10 0.1 1.0 0.5 10
10 0.1 1.0 0.5 51
10 0.1 1.0 0.5 102
10 0.1 1.0 0.5 512
10 0.1 1.0 0.8 10
10 0.1 1.0 0.8 51
10 0.1 1.0 0.8 102
10 0.1 1.0 0.8 512
10 0.25 0.0 0.01 10
10 0.25 0.0 0.01 51
10 0.25 0.0 0.01 102
10 0.25 0.0 0.01 512
10 0.25 0.0 0.1 10
10 0.25 0.0 0.1 51
10 0.25 0.0 0.1 102
10 0.25 0.0 0.1 512
10 0.25 0.0 0.3 10
10 0.25 0.0 0.3 51
10 0.25 0.0 0.3 102
10 0.25 0.0 0.3 512
10 0.25 0.0 0.5 10
10 0.25 0.0 0.5 51
10 0.25 0.0 0.5 102
10 0.25 0.0 0.5 512
10 0.25 0.0 0.8 10
10 0.25 0.0 0.8 51
10 0.25 0.0 0.8 102
10 0.25 0.0 0.8 512
10 0.25 0.25 0.01 10
10 0.25 0.25 0.01 51
10 0.25 0.25 0.01 102
10 0.25 0.25 0.01 512
10 0.25 0.25 0.1 10
10 0.25 0.25 0.1 51
10 0.25 0.25 0.1 102
10 0.25 0.25 0.1 512
10 0.25 0.25 0.3 10
10 0.25 0.25 0.3 51
10 0.25 0.25 0.3 102
10 0.25 0.25 0.3 512
10 0.25 0.25 0.5 10
10 0.25 0.25 0.5 51
10 0.25 0.25 0.5 102
10 0.25 0.25 0.5 512
10 0.25 0.25 0.8 10
10 0.25 0.25 0.8 51
10 0.25 0.25 0.8 102
10 0.25 0.25 0.8 512
10 0.25 0.5 0.01 10
10 0.25 0.5 0.01 51
10 0.25 0.5 0.01 102
10 0.25 0.5 0.01 512
10 0.25 0.5 0.1 10
10 0.25 0.5 0.1 51
10 0.25 0.5 0.1 102
10 0.25 0.5 0.1 512
10 0.25 0.5 0.3 10
10 0.25 0.5 0.3 51
10 0.25 0.5 0.3 102
10 0.25 0.5 0.3 512
10 0.25 0.5 0.5 10
10 0.25 0.5 0.5 51
10 0.25 0.5 0.5 102
10 0.25 0.5 0.5 512
10 0.25 0.5 0.8 10
10 0.25 0.5 0.8 51
10 0.25 0.5 0.8 102
10 0.25 0.5 0.8 512
10 0.25 0.75 0.01 10
10 0.25 0.75 0.01 51
10 0.25 0.75 0.01 102
10 0.25 0.75 0.01 512
10 0.25 0.75 0.1 10
10 0.25 0.75 0.1 51
10 0.25 0.75 0.1 102
10 0.25 0.75 0.1 512
10 0.25 0.75 0.3 10
10 0.25 0.75 0.3 51
10 0.25 0.75 0.3 102
10 0.25 0.75 0.3 512
10 0.25 0.75 0.5 10
10 0.25 0.75 0.5 51
10 0.25 0.75 0.5 102
10 0.25 0.75 0.5 512
10 0.25 0.75 0.8 10
10 0.25 0.75 0.8 51
10 0.25 0.75 0.8 102
10 0.25 0.75 0.8 512
10 0.25 1.0 0.01 10
10 0.25 1.0 0.01 51
10 0.25 1.0 0.01 102
10 0.25 1.0 0.01 512
10 0.25 1.0 0.1 10
10 0.25 1.0 0.1 51
10 0.25 1.0 0.1 102
10 0.25 1.0 0.1 512
10 0.25 1.0 0.3 10
10 0.25 1.0 0.3 51
10 0.25 1.0 0.3 102
10 0.25 1.0 0.3 512
10 0.25 1.0 0.5 10
10 0.25 1.0 0.5 51
10 0.25 1.0 0.5 102
10 0.25 1.0 0.5 512
10 0.25 1.0 0.8 10
10 0.25 1.0 0.8 51
10 0.25 1.0 0.8 102
10 0.25 1.0 0.8 512
10 0.5 0.0 0.01 10
10 0.5 0.0 0.01 51
10 0.5 0.0 0.01 102
10 0.5 0.0 0.01 512
10 0.5 0.0 0.1 10
10 0.5 0.0 0.1 51
10 0.5 0.0 0.1 102
10 0.5 0.0 0.1 512
10 0.5 0.0 0.3 10
10 0.5 0.0 0.3 51
10 0.5 0.0 0.3 102
10 0.5 0.0 0.3 512
10 0.5 0.0 0.5 10
10 0.5 0.0 0.5 51
10 0.5 0.0 0.5 102
10 0.5 0.0 0.5 512
10 0.5 0.0 0.8 10
10 0.5 0.0 0.8 51
10 0.5 0.0 0.8 102
10 0.5 0.0 0.8 512
10 0.5 0.25 0.01 10
10 0.5 0.25 0.01 51
10 0.5 0.25 0.01 102
10 0.5 0.25 0.01 512
10 0.5 0.25 0.1 10
10 0.5 0.25 0.1 51
10 0.5 0.25 0.1 102
10 0.5 0.25 0.1 512
10 0.5 0.25 0.3 10
10 0.5 0.25 0.3 51
10 0.5 0.25 0.3 102
10 0.5 0.25 0.3 512
10 0.5 0.25 0.5 10
10 0.5 0.25 0.5 51
10 0.5 0.25 0.5 102
10 0.5 0.25 0.5 512
10 0.5 0.25 0.8 10
10 0.5 0.25 0.8 51
10 0.5 0.25 0.8 102
10 0.5 0.25 0.8 512
10 0.5 0.5 0.01 10
10 0.5 0.5 0.01 51
10 0.5 0.5 0.01 102
10 0.5 0.5 0.01 512
10 0.5 0.5 0.1 10
10 0.5 0.5 0.1 51
10 0.5 0.5 0.1 102
10 0.5 0.5 0.1 512
10 0.5 0.5 0.3 10
10 0.5 0.5 0.3 51
10 0.5 0.5 0.3 102
10 0.5 0.5 0.3 512
10 0.5 0.5 0.5 10
10 0.5 0.5 0.5 51
10 0.5 0.5 0.5 102
10 0.5 0.5 0.5 512
10 0.5 0.5 0.8 10
10 0.5 0.5 0.8 51
10 0.5 0.5 0.8 102
10 0.5 0.5 0.8 512
10 0.5 0.75 0.01 10
10 0.5 0.75 0.01 51
10 0.5 0.75 0.01 102
10 0.5 0.75 0.01 512
10 0.5 0.75 0.1 10
10 0.5 0.75 0.1 51
10 0.5 0.75 0.1 102
10 0.5 0.75 0.1 512
10 0.5 0.75 0.3 10
10 0.5 0.75 0.3 51
10 0.5 0.75 0.3 102
10 0.5 0.75 0.3 512
10 0.5 0.75 0.5 10
10 0.5 0.75 0.5 51
10 0.5 0.75 0.5 102
10 0.5 0.75 0.5 512
10 0.5 0.75 0.8 10
10 0.5 0.75 0.8 51
10 0.5 0.75 0.8 102
10 0.5 0.75 0.8 512
10 0.5 1.0 0.01 10
10 0.5 1.0 0.01 51
10 0.5 1.0 0.01 102
10 0.5 1.0 0.01 512
10 0.5 1.0 0.1 10
10 0.5 1.0 0.1 51
10 0.5 1.0 0.1 102
10 0.5 1.0 0.1 512
10 0.5 1.0 0.3 10
10 0.5 1.0 0.3 51
10 0.5 1.0 0.3 102
10 0.5 1.0 0.3 512
10 0.5 1.0 0.5 10
10 0.5 1.0 0.5 51
10 0.5 1.0 0.5 102
10 0.5 1.0 0.5 512
10 0.5 1.0 0.8 10
10 0.5 1.0 0.8 51
10 0.5 1.0 0.8 102
10 0.5 1.0 0.8 512
10 0.75 0.0 0.01 10
10 0.75 0.0 0.01 51
10 0.75 0.0 0.01 102
10 0.75 0.0 0.01 512
10 0.75 0.0 0.1 10
10 0.75 0.0 0.1 51
10 0.75 0.0 0.1 102
10 0.75 0.0 0.1 512
10 0.75 0.0 0.3 10
10 0.75 0.0 0.3 51
10 0.75 0.0 0.3 102
10 0.75 0.0 0.3 512
10 0.75 0.0 0.5 10
10 0.75 0.0 0.5 51
10 0.75 0.0 0.5 102
10 0.75 0.0 0.5 512
10 0.75 0.0 0.8 10
10 0.75 0.0 0.8 51
10 0.75 0.0 0.8 102
10 0.75 0.0 0.8 512
10 0.75 0.25 0.01 10
10 0.75 0.25 0.01 51
10 0.75 0.25 0.01 102
10 0.75 0.25 0.01 512
10 0.75 0.25 0.1 10
10 0.75 0.25 0.1 51
10 0.75 0.25 0.1 102
10 0.75 0.25 0.1 512
10 0.75 0.25 0.3 10
10 0.75 0.25 0.3 51
10 0.75 0.25 0.3 102
10 0.75 0.25 0.3 512
10 0.75 0.25 0.5 10
10 0.75 0.25 0.5 51
10 0.75 0.25 0.5 102
10 0.75 0.25 0.5 512
10 0.75 0.25 0.8 10
10 0.75 0.25 0.8 51
10 0.75 0.25 0.8 102
10 0.75 0.25 0.8 512
10 0.75 0.5 0.01 10
10 0.75 0.5 0.01 51
10 0.75 0.5 0.01 102
10 0.75 0.5 0.01 512
10 0.75 0.5 0.1 10
10 0.75 0.5 0.1 51
10 0.75 0.5 0.1 102
10 0.75 0.5 0.1 512
10 0.75 0.5 0.3 10
10 0.75 0.5 0.3 51
10 0.75 0.5 0.3 102
10 0.75 0.5 0.3 512
10 0.75 0.5 0.5 10
10 0.75 0.5 0.5 51
10 0.75 0.5 0.5 102
10 0.75 0.5 0.5 512
10 0.75 0.5 0.8 10
10 0.75 0.5 0.8 51
10 0.75 0.5 0.8 102
10 0.75 0.5 0.8 512
10 0.75 0.75 0.01 10
10 0.75 0.75 0.01 51
10 0.75 0.75 0.01 102
10 0.75 0.75 0.01 512
10 0.75 0.75 0.1 10
10 0.75 0.75 0.1 51
10 0.75 0.75 0.1 102
10 0.75 0.75 0.1 512
10 0.75 0.75 0.3 10
10 0.75 0.75 0.3 51
10 0.75 0.75 0.3 102
10 0.75 0.75 0.3 512
10 0.75 0.75 0.5 10
10 0.75 0.75 0.5 51
10 0.75 0.75 0.5 102
10 0.75 0.75 0.5 512
10 0.75 0.75 0.8 10
10 0.75 0.75 0.8 51
10 0.75 0.75 0.8 102
10 0.75 0.75 0.8 512
10 0.75 1.0 0.01 10
10 0.75 1.0 0.01 51
10 0.75 1.0 0.01 102
10 0.75 1.0 0.01 512
10 0.75 1.0 0.1 10
10 0.75 1.0 0.1 51
10 0.75 1.0 0.1 102
10 0.75 1.0 0.1 512
10 0.75 1.0 0.3 10
10 0.75 1.0 0.3 51
10 0.75 1.0 0.3 102
10 0.75 1.0 0.3 512
10 0.75 1.0 0.5 10
10 0.75 1.0 0.5 51
10 0.75 1.0 0.5 102
10 0.75 1.0 0.5 512
10 0.75 1.0 0.8 10
10 0.75 1.0 0.8 51
10 0.75 1.0 0.8 102
10 0.75 1.0 0.8 512
10 1.0 0.0 0.01 10
10 1.0 0.0 0.01 51
10 1.0 0.0 0.01 102
10 1.0 0.0 0.01 512
10 1.0 0.0 0.1 10
10 1.0 0.0 0.1 51
10 1.0 0.0 0.1 102
10 1.0 0.0 0.1 512
10 1.0 0.0 0.3 10
10 1.0 0.0 0.3 51
10 1.0 0.0 0.3 102
10 1.0 0.0 0.3 512
10 1.0 0.0 0.5 10
10 1.0 0.0 0.5 51
10 1.0 0.0 0.5 102
10 1.0 0.0 0.5 512
10 1.0 0.0 0.8 10
10 1.0 0.0 0.8 51
10 1.0 0.0 0.8 102
10 1.0 0.0 0.8 512
10 1.0 0.25 0.01 10
10 1.0 0.25 0.01 51
10 1.0 0.25 0.01 102
10 1.0 0.25 0.01 512
10 1.0 0.25 0.1 10
10 1.0 0.25 0.1 51
10 1.0 0.25 0.1 102
10 1.0 0.25 0.1 512
10 1.0 0.25 0.3 10
10 1.0 0.25 0.3 51
10 1.0 0.25 0.3 102
10 1.0 0.25 0.3 512
10 1.0 0.25 0.5 10
10 1.0 0.25 0.5 51
10 1.0 0.25 0.5 102
10 1.0 0.25 0.5 512
10 1.0 0.25 0.8 10
10 1.0 0.25 0.8 51
10 1.0 0.25 0.8 102
10 1.0 0.25 0.8 512
10 1.0 0.5 0.01 10
10 1.0 0.5 0.01 51
10 1.0 0.5 0.01 102
10 1.0 0.5 0.01 512
10 1.0 0.5 0.1 10
10 1.0 0.5 0.1 51
10 1.0 0.5 0.1 102
10 1.0 0.5 0.1 512
10 1.0 0.5 0.3 10
10 1.0 0.5 0.3 51
10 1.0 0.5 0.3 102
10 1.0 0.5 0.3 512
10 1.0 0.5 0.5 10
10 1.0 0.5 0.5 51
10 1.0 0.5 0.5 102
10 1.0 0.5 0.5 512
10 1.0 0.5 0.8 10
10 1.0 0.5 0.8 51
10 1.0 0.5 0.8 102
10 1.0 0.5 0.8 512
10 1.0 0.75 0.01 10
10 1.0 0.75 0.01 51
10 1.0 0.75 0.01 102
10 1.0 0.75 0.01 512
10 1.0 0.75 0.1 10
10 1.0 0.75 0.1 51
10 1.0 0.75 0.1 102
10 1.0 0.75 0.1 512
10 1.0 0.75 0.3 10
10 1.0 0.75 0.3 51
10 1.0 0.75 0.3 102
10 1.0 0.75 0.3 512
10 1.0 0.75 0.5 10
10 1.0 0.75 0.5 51
10 1.0 0.75 0.5 102
10 1.0 0.75 0.5 512
10 1.0 0.75 0.8 10
10 1.0 0.75 0.8 51
10 1.0 0.75 0.8 102
10 1.0 0.75 0.8 512
10 1.0 1.0 0.01 10
10 1.0 1.0 0.01 51
10 1.0 1.0 0.01 102
10 1.0 1.0 0.01 512
10 1.0 1.0 0.1 10
10 1.0 1.0 0.1 51
10 1.0 1.0 0.1 102
10 1.0 1.0 0.1 512
10 1.0 1.0 0.3 10
10 1.0 1.0 0.3 51
10 1.0 1.0 0.3 102
10 1.0 1.0 0.3 512
10 1.0 1.0 0.5 10
10 1.0 1.0 0.5 51
10 1.0 1.0 0.5 102
10 1.0 1.0 0.5 512
10 1.0 1.0 0.8 10
10 1.0 1.0 0.8 51
10 1.0 1.0 0.8 102
10 1.0 1.0 0.8 512
