6 0.05 0.1 0.1 0.20 1.00e-07
6 0.05 0.1 0.1 0.20 1.00e-06
6 0.05 0.1 0.1 0.20 1.00e-05
6 0.05 0.1 0.1 0.20 1.00e-04
6 0.05 0.1 0.3 0.20 1.00e-07
6 0.05 0.1 0.3 0.20 1.00e-06
6 0.05 0.1 0.3 0.20 1.00e-05
6 0.05 0.1 0.3 0.20 1.00e-04
6 0.05 0.1 0.5 0.20 1.00e-07
6 0.05 0.1 0.5 0.20 1.00e-06
6 0.05 0.1 0.5 0.20 1.00e-05
6 0.05 0.1 0.5 0.20 1.00e-04
6 0.05 0.1 0.8 0.20 1.00e-07
6 0.05 0.1 0.8 0.20 1.00e-06
6 0.05 0.1 0.8 0.20 1.00e-05
6 0.05 0.1 0.8 0.20 1.00e-04
6 0.05 0.25 0.1 0.20 1.00e-07
6 0.05 0.25 0.1 0.20 1.00e-06
6 0.05 0.25 0.1 0.20 1.00e-05
6 0.05 0.25 0.1 0.20 1.00e-04
6 0.05 0.25 0.3 0.20 1.00e-07
6 0.05 0.25 0.3 0.20 1.00e-06
6 0.05 0.25 0.3 0.20 1.00e-05
6 0.05 0.25 0.3 0.20 1.00e-04
6 0.05 0.25 0.5 0.20 1.00e-07
6 0.05 0.25 0.5 0.20 1.00e-06
6 0.05 0.25 0.5 0.20 1.00e-05
6 0.05 0.25 0.5 0.20 1.00e-04
6 0.05 0.25 0.8 0.20 1.00e-07
6 0.05 0.25 0.8 0.20 1.00e-06
6 0.05 0.25 0.8 0.20 1.00e-05
6 0.05 0.25 0.8 0.20 1.00e-04
6 0.05 0.5 0.1 0.20 1.00e-07
6 0.05 0.5 0.1 0.20 1.00e-06
6 0.05 0.5 0.1 0.20 1.00e-05
6 0.05 0.5 0.1 0.20 1.00e-04
6 0.05 0.5 0.3 0.20 1.00e-07
6 0.05 0.5 0.3 0.20 1.00e-06
6 0.05 0.5 0.3 0.20 1.00e-05
6 0.05 0.5 0.3 0.20 1.00e-04
6 0.05 0.5 0.5 0.20 1.00e-07
6 0.05 0.5 0.5 0.20 1.00e-06
6 0.05 0.5 0.5 0.20 1.00e-05
6 0.05 0.5 0.5 0.20 1.00e-04
6 0.05 0.5 0.8 0.20 1.00e-07
6 0.05 0.5 0.8 0.20 1.00e-06
6 0.05 0.5 0.8 0.20 1.00e-05
6 0.05 0.5 0.8 0.20 1.00e-04
6 0.1 0.1 0.1 0.20 1.00e-07
6 0.1 0.1 0.1 0.20 1.00e-06
6 0.1 0.1 0.1 0.20 1.00e-05
6 0.1 0.1 0.1 0.20 1.00e-04
6 0.1 0.1 0.3 0.20 1.00e-07
6 0.1 0.1 0.3 0.20 1.00e-06
6 0.1 0.1 0.3 0.20 1.00e-05
6 0.1 0.1 0.3 0.20 1.00e-04
6 0.1 0.1 0.5 0.20 1.00e-07
6 0.1 0.1 0.5 0.20 1.00e-06
6 0.1 0.1 0.5 0.20 1.00e-05
6 0.1 0.1 0.5 0.20 1.00e-04
6 0.1 0.1 0.8 0.20 1.00e-07
6 0.1 0.1 0.8 0.20 1.00e-06
6 0.1 0.1 0.8 0.20 1.00e-05
6 0.1 0.1 0.8 0.20 1.00e-04
6 0.1 0.25 0.1 0.20 1.00e-07
6 0.1 0.25 0.1 0.20 1.00e-06
6 0.1 0.25 0.1 0.20 1.00e-05
6 0.1 0.25 0.1 0.20 1.00e-04
6 0.1 0.25 0.3 0.20 1.00e-07
6 0.1 0.25 0.3 0.20 1.00e-06
6 0.1 0.25 0.3 0.20 1.00e-05
6 0.1 0.25 0.3 0.20 1.00e-04
6 0.1 0.25 0.5 0.20 1.00e-07
6 0.1 0.25 0.5 0.20 1.00e-06
6 0.1 0.25 0.5 0.20 1.00e-05
6 0.1 0.25 0.5 0.20 1.00e-04
6 0.1 0.25 0.8 0.20 1.00e-07
6 0.1 0.25 0.8 0.20 1.00e-06
6 0.1 0.25 0.8 0.20 1.00e-05
6 0.1 0.25 0.8 0.20 1.00e-04
6 0.1 0.5 0.1 0.20 1.00e-07
6 0.1 0.5 0.1 0.20 1.00e-06
6 0.1 0.5 0.1 0.20 1.00e-05
6 0.1 0.5 0.1 0.20 1.00e-04
6 0.1 0.5 0.3 0.20 1.00e-07
6 0.1 0.5 0.3 0.20 1.00e-06
6 0.1 0.5 0.3 0.20 1.00e-05
6 0.1 0.5 0.3 0.20 1.00e-04
6 0.1 0.5 0.5 0.20 1.00e-07
6 0.1 0.5 0.5 0.20 1.00e-06
6 0.1 0.5 0.5 0.20 1.00e-05
6 0.1 0.5 0.5 0.20 1.00e-04
6 0.1 0.5 0.8 0.20 1.00e-07
6 0.1 0.5 0.8 0.20 1.00e-06
6 0.1 0.5 0.8 0.20 1.00e-05
6 0.1 0.5 0.8 0.20 1.00e-04
6 0.25 0.1 0.1 0.20 1.00e-07
6 0.25 0.1 0.1 0.20 1.00e-06
6 0.25 0.1 0.1 0.20 1.00e-05
6 0.25 0.1 0.1 0.20 1.00e-04
6 0.25 0.1 0.3 0.20 1.00e-07
6 0.25 0.1 0.3 0.20 1.00e-06
6 0.25 0.1 0.3 0.20 1.00e-05
6 0.25 0.1 0.3 0.20 1.00e-04
6 0.25 0.1 0.5 0.20 1.00e-07
6 0.25 0.1 0.5 0.20 1.00e-06
6 0.25 0.1 0.5 0.20 1.00e-05
6 0.25 0.1 0.5 0.20 1.00e-04
6 0.25 0.1 0.8 0.20 1.00e-07
6 0.25 0.1 0.8 0.20 1.00e-06
6 0.25 0.1 0.8 0.20 1.00e-05
6 0.25 0.1 0.8 0.20 1.00e-04
6 0.25 0.25 0.1 0.20 1.00e-07
6 0.25 0.25 0.1 0.20 1.00e-06
6 0.25 0.25 0.1 0.20 1.00e-05
6 0.25 0.25 0.1 0.20 1.00e-04
6 0.25 0.25 0.3 0.20 1.00e-07
6 0.25 0.25 0.3 0.20 1.00e-06
6 0.25 0.25 0.3 0.20 1.00e-05
6 0.25 0.25 0.3 0.20 1.00e-04
6 0.25 0.25 0.5 0.20 1.00e-07
6 0.25 0.25 0.5 0.20 1.00e-06
6 0.25 0.25 0.5 0.20 1.00e-05
6 0.25 0.25 0.5 0.20 1.00e-04
6 0.25 0.25 0.8 0.20 1.00e-07
6 0.25 0.25 0.8 0.20 1.00e-06
6 0.25 0.25 0.8 0.20 1.00e-05
6 0.25 0.25 0.8 0.20 1.00e-04
6 0.25 0.5 0.1 0.20 1.00e-07
6 0.25 0.5 0.1 0.20 1.00e-06
6 0.25 0.5 0.1 0.20 1.00e-05
6 0.25 0.5 0.1 0.20 1.00e-04
6 0.25 0.5 0.3 0.20 1.00e-07
6 0.25 0.5 0.3 0.20 1.00e-06
6 0.25 0.5 0.3 0.20 1.00e-05
6 0.25 0.5 0.3 0.20 1.00e-04
6 0.25 0.5 0.5 0.20 1.00e-07
6 0.25 0.5 0.5 0.20 1.00e-06
6 0.25 0.5 0.5 0.20 1.00e-05
6 0.25 0.5 0.5 0.20 1.00e-04
6 0.25 0.5 0.8 0.20 1.00e-07
6 0.25 0.5 0.8 0.20 1.00e-06
6 0.25 0.5 0.8 0.20 1.00e-05
6 0.25 0.5 0.8 0.20 1.00e-04
8 0.05 0.1 0.1 0.20 1.00e-07
8 0.05 0.1 0.1 0.20 1.00e-06
8 0.05 0.1 0.1 0.20 1.00e-05
8 0.05 0.1 0.1 0.20 1.00e-04
8 0.05 0.1 0.3 0.20 1.00e-07
8 0.05 0.1 0.3 0.20 1.00e-06
8 0.05 0.1 0.3 0.20 1.00e-05
8 0.05 0.1 0.3 0.20 1.00e-04
8 0.05 0.1 0.5 0.20 1.00e-07
8 0.05 0.1 0.5 0.20 1.00e-06
8 0.05 0.1 0.5 0.20 1.00e-05
8 0.05 0.1 0.5 0.20 1.00e-04
8 0.05 0.1 0.8 0.20 1.00e-07
8 0.05 0.1 0.8 0.20 1.00e-06
8 0.05 0.1 0.8 0.20 1.00e-05
8 0.05 0.1 0.8 0.20 1.00e-04
8 0.05 0.25 0.1 0.20 1.00e-07
8 0.05 0.25 0.1 0.20 1.00e-06
8 0.05 0.25 0.1 0.20 1.00e-05
8 0.05 0.25 0.1 0.20 1.00e-04
8 0.05 0.25 0.3 0.20 1.00e-07
8 0.05 0.25 0.3 0.20 1.00e-06
8 0.05 0.25 0.3 0.20 1.00e-05
8 0.05 0.25 0.3 0.20 1.00e-04
8 0.05 0.25 0.5 0.20 1.00e-07
8 0.05 0.25 0.5 0.20 1.00e-06
8 0.05 0.25 0.5 0.20 1.00e-05
8 0.05 0.25 0.5 0.20 1.00e-04
8 0.05 0.25 0.8 0.20 1.00e-07
8 0.05 0.25 0.8 0.20 1.00e-06
8 0.05 0.25 0.8 0.20 1.00e-05
8 0.05 0.25 0.8 0.20 1.00e-04
8 0.05 0.5 0.1 0.20 1.00e-07
8 0.05 0.5 0.1 0.20 1.00e-06
8 0.05 0.5 0.1 0.20 1.00e-05
8 0.05 0.5 0.1 0.20 1.00e-04
8 0.05 0.5 0.3 0.20 1.00e-07
8 0.05 0.5 0.3 0.20 1.00e-06
8 0.05 0.5 0.3 0.20 1.00e-05
8 0.05 0.5 0.3 0.20 1.00e-04
8 0.05 0.5 0.5 0.20 1.00e-07
8 0.05 0.5 0.5 0.20 1.00e-06
8 0.05 0.5 0.5 0.20 1.00e-05
8 0.05 0.5 0.5 0.20 1.00e-04
8 0.05 0.5 0.8 0.20 1.00e-07
8 0.05 0.5 0.8 0.20 1.00e-06
8 0.05 0.5 0.8 0.20 1.00e-05
8 0.05 0.5 0.8 0.20 1.00e-04
8 0.1 0.1 0.1 0.20 1.00e-07
8 0.1 0.1 0.1 0.20 1.00e-06
8 0.1 0.1 0.1 0.20 1.00e-05
8 0.1 0.1 0.1 0.20 1.00e-04
8 0.1 0.1 0.3 0.20 1.00e-07
8 0.1 0.1 0.3 0.20 1.00e-06
8 0.1 0.1 0.3 0.20 1.00e-05
8 0.1 0.1 0.3 0.20 1.00e-04
8 0.1 0.1 0.5 0.20 1.00e-07
8 0.1 0.1 0.5 0.20 1.00e-06
8 0.1 0.1 0.5 0.20 1.00e-05
8 0.1 0.1 0.5 0.20 1.00e-04
8 0.1 0.1 0.8 0.20 1.00e-07
8 0.1 0.1 0.8 0.20 1.00e-06
8 0.1 0.1 0.8 0.20 1.00e-05
8 0.1 0.1 0.8 0.20 1.00e-04
8 0.1 0.25 0.1 0.20 1.00e-07
8 0.1 0.25 0.1 0.20 1.00e-06
8 0.1 0.25 0.1 0.20 1.00e-05
8 0.1 0.25 0.1 0.20 1.00e-04
8 0.1 0.25 0.3 0.20 1.00e-07
8 0.1 0.25 0.3 0.20 1.00e-06
8 0.1 0.25 0.3 0.20 1.00e-05
8 0.1 0.25 0.3 0.20 1.00e-04
8 0.1 0.25 0.5 0.20 1.00e-07
8 0.1 0.25 0.5 0.20 1.00e-06
8 0.1 0.25 0.5 0.20 1.00e-05
8 0.1 0.25 0.5 0.20 1.00e-04
8 0.1 0.25 0.8 0.20 1.00e-07
8 0.1 0.25 0.8 0.20 1.00e-06
8 0.1 0.25 0.8 0.20 1.00e-05
8 0.1 0.25 0.8 0.20 1.00e-04
8 0.1 0.5 0.1 0.20 1.00e-07
8 0.1 0.5 0.1 0.20 1.00e-06
8 0.1 0.5 0.1 0.20 1.00e-05
8 0.1 0.5 0.1 0.20 1.00e-04
8 0.1 0.5 0.3 0.20 1.00e-07
8 0.1 0.5 0.3 0.20 1.00e-06
8 0.1 0.5 0.3 0.20 1.00e-05
8 0.1 0.5 0.3 0.20 1.00e-04
8 0.1 0.5 0.5 0.20 1.00e-07
8 0.1 0.5 0.5 0.20 1.00e-06
8 0.1 0.5 0.5 0.20 1.00e-05
8 0.1 0.5 0.5 0.20 1.00e-04
8 0.1 0.5 0.8 0.20 1.00e-07
8 0.1 0.5 0.8 0.20 1.00e-06
8 0.1 0.5 0.8 0.20 1.00e-05
8 0.1 0.5 0.8 0.20 1.00e-04
8 0.25 0.1 0.1 0.20 1.00e-07
8 0.25 0.1 0.1 0.20 1.00e-06
8 0.25 0.1 0.1 0.20 1.00e-05
8 0.25 0.1 0.1 0.20 1.00e-04
8 0.25 0.1 0.3 0.20 1.00e-07
8 0.25 0.1 0.3 0.20 1.00e-06
8 0.25 0.1 0.3 0.20 1.00e-05
8 0.25 0.1 0.3 0.20 1.00e-04
8 0.25 0.1 0.5 0.20 1.00e-07
8 0.25 0.1 0.5 0.20 1.00e-06
8 0.25 0.1 0.5 0.20 1.00e-05
8 0.25 0.1 0.5 0.20 1.00e-04
8 0.25 0.1 0.8 0.20 1.00e-07
8 0.25 0.1 0.8 0.20 1.00e-06
8 0.25 0.1 0.8 0.20 1.00e-05
8 0.25 0.1 0.8 0.20 1.00e-04
8 0.25 0.25 0.1 0.20 1.00e-07
8 0.25 0.25 0.1 0.20 1.00e-06
8 0.25 0.25 0.1 0.20 1.00e-05
8 0.25 0.25 0.1 0.20 1.00e-04
8 0.25 0.25 0.3 0.20 1.00e-07
8 0.25 0.25 0.3 0.20 1.00e-06
8 0.25 0.25 0.3 0.20 1.00e-05
8 0.25 0.25 0.3 0.20 1.00e-04
8 0.25 0.25 0.5 0.20 1.00e-07
8 0.25 0.25 0.5 0.20 1.00e-06
8 0.25 0.25 0.5 0.20 1.00e-05
8 0.25 0.25 0.5 0.20 1.00e-04
8 0.25 0.25 0.8 0.20 1.00e-07
8 0.25 0.25 0.8 0.20 1.00e-06
8 0.25 0.25 0.8 0.20 1.00e-05
8 0.25 0.25 0.8 0.20 1.00e-04
8 0.25 0.5 0.1 0.20 1.00e-07
8 0.25 0.5 0.1 0.20 1.00e-06
8 0.25 0.5 0.1 0.20 1.00e-05
8 0.25 0.5 0.1 0.20 1.00e-04
8 0.25 0.5 0.3 0.20 1.00e-07
8 0.25 0.5 0.3 0.20 1.00e-06
8 0.25 0.5 0.3 0.20 1.00e-05
8 0.25 0.5 0.3 0.20 1.00e-04
8 0.25 0.5 0.5 0.20 1.00e-07
8 0.25 0.5 0.5 0.20 1.00e-06
8 0.25 0.5 0.5 0.20 1.00e-05
8 0.25 0.5 0.5 0.20 1.00e-04
8 0.25 0.5 0.8 0.20 1.00e-07
8 0.25 0.5 0.8 0.20 1.00e-06
8 0.25 0.5 0.8 0.20 1.00e-05
8 0.25 0.5 0.8 0.20 1.00e-04
10 0.05 0.1 0.1 0.20 1.00e-07
10 0.05 0.1 0.1 0.20 1.00e-06
10 0.05 0.1 0.1 0.20 1.00e-05
10 0.05 0.1 0.1 0.20 1.00e-04
10 0.05 0.1 0.3 0.20 1.00e-07
10 0.05 0.1 0.3 0.20 1.00e-06
10 0.05 0.1 0.3 0.20 1.00e-05
10 0.05 0.1 0.3 0.20 1.00e-04
10 0.05 0.1 0.5 0.20 1.00e-07
10 0.05 0.1 0.5 0.20 1.00e-06
10 0.05 0.1 0.5 0.20 1.00e-05
10 0.05 0.1 0.5 0.20 1.00e-04
10 0.05 0.1 0.8 0.20 1.00e-07
10 0.05 0.1 0.8 0.20 1.00e-06
10 0.05 0.1 0.8 0.20 1.00e-05
10 0.05 0.1 0.8 0.20 1.00e-04
10 0.05 0.25 0.1 0.20 1.00e-07
10 0.05 0.25 0.1 0.20 1.00e-06
10 0.05 0.25 0.1 0.20 1.00e-05
10 0.05 0.25 0.1 0.20 1.00e-04
10 0.05 0.25 0.3 0.20 1.00e-07
10 0.05 0.25 0.3 0.20 1.00e-06
10 0.05 0.25 0.3 0.20 1.00e-05
10 0.05 0.25 0.3 0.20 1.00e-04
10 0.05 0.25 0.5 0.20 1.00e-07
10 0.05 0.25 0.5 0.20 1.00e-06
10 0.05 0.25 0.5 0.20 1.00e-05
10 0.05 0.25 0.5 0.20 1.00e-04
10 0.05 0.25 0.8 0.20 1.00e-07
10 0.05 0.25 0.8 0.20 1.00e-06
10 0.05 0.25 0.8 0.20 1.00e-05
10 0.05 0.25 0.8 0.20 1.00e-04
10 0.05 0.5 0.1 0.20 1.00e-07
10 0.05 0.5 0.1 0.20 1.00e-06
10 0.05 0.5 0.1 0.20 1.00e-05
10 0.05 0.5 0.1 0.20 1.00e-04
10 0.05 0.5 0.3 0.20 1.00e-07
10 0.05 0.5 0.3 0.20 1.00e-06
10 0.05 0.5 0.3 0.20 1.00e-05
10 0.05 0.5 0.3 0.20 1.00e-04
10 0.05 0.5 0.5 0.20 1.00e-07
10 0.05 0.5 0.5 0.20 1.00e-06
10 0.05 0.5 0.5 0.20 1.00e-05
10 0.05 0.5 0.5 0.20 1.00e-04
10 0.05 0.5 0.8 0.20 1.00e-07
10 0.05 0.5 0.8 0.20 1.00e-06
10 0.05 0.5 0.8 0.20 1.00e-05
10 0.05 0.5 0.8 0.20 1.00e-04
10 0.1 0.1 0.1 0.20 1.00e-07
10 0.1 0.1 0.1 0.20 1.00e-06
10 0.1 0.1 0.1 0.20 1.00e-05
10 0.1 0.1 0.1 0.20 1.00e-04
10 0.1 0.1 0.3 0.20 1.00e-07
10 0.1 0.1 0.3 0.20 1.00e-06
10 0.1 0.1 0.3 0.20 1.00e-05
10 0.1 0.1 0.3 0.20 1.00e-04
10 0.1 0.1 0.5 0.20 1.00e-07
10 0.1 0.1 0.5 0.20 1.00e-06
10 0.1 0.1 0.5 0.20 1.00e-05
10 0.1 0.1 0.5 0.20 1.00e-04
10 0.1 0.1 0.8 0.20 1.00e-07
10 0.1 0.1 0.8 0.20 1.00e-06
10 0.1 0.1 0.8 0.20 1.00e-05
10 0.1 0.1 0.8 0.20 1.00e-04
10 0.1 0.25 0.1 0.20 1.00e-07
10 0.1 0.25 0.1 0.20 1.00e-06
10 0.1 0.25 0.1 0.20 1.00e-05
10 0.1 0.25 0.1 0.20 1.00e-04
10 0.1 0.25 0.3 0.20 1.00e-07
10 0.1 0.25 0.3 0.20 1.00e-06
10 0.1 0.25 0.3 0.20 1.00e-05
10 0.1 0.25 0.3 0.20 1.00e-04
10 0.1 0.25 0.5 0.20 1.00e-07
10 0.1 0.25 0.5 0.20 1.00e-06
10 0.1 0.25 0.5 0.20 1.00e-05
10 0.1 0.25 0.5 0.20 1.00e-04
10 0.1 0.25 0.8 0.20 1.00e-07
10 0.1 0.25 0.8 0.20 1.00e-06
10 0.1 0.25 0.8 0.20 1.00e-05
10 0.1 0.25 0.8 0.20 1.00e-04
10 0.1 0.5 0.1 0.20 1.00e-07
10 0.1 0.5 0.1 0.20 1.00e-06
10 0.1 0.5 0.1 0.20 1.00e-05
10 0.1 0.5 0.1 0.20 1.00e-04
10 0.1 0.5 0.3 0.20 1.00e-07
10 0.1 0.5 0.3 0.20 1.00e-06
10 0.1 0.5 0.3 0.20 1.00e-05
10 0.1 0.5 0.3 0.20 1.00e-04
10 0.1 0.5 0.5 0.20 1.00e-07
10 0.1 0.5 0.5 0.20 1.00e-06
10 0.1 0.5 0.5 0.20 1.00e-05
10 0.1 0.5 0.5 0.20 1.00e-04
10 0.1 0.5 0.8 0.20 1.00e-07
10 0.1 0.5 0.8 0.20 1.00e-06
10 0.1 0.5 0.8 0.20 1.00e-05
10 0.1 0.5 0.8 0.20 1.00e-04
10 0.25 0.1 0.1 0.20 1.00e-07
10 0.25 0.1 0.1 0.20 1.00e-06
10 0.25 0.1 0.1 0.20 1.00e-05
10 0.25 0.1 0.1 0.20 1.00e-04
10 0.25 0.1 0.3 0.20 1.00e-07
10 0.25 0.1 0.3 0.20 1.00e-06
10 0.25 0.1 0.3 0.20 1.00e-05
10 0.25 0.1 0.3 0.20 1.00e-04
10 0.25 0.1 0.5 0.20 1.00e-07
10 0.25 0.1 0.5 0.20 1.00e-06
10 0.25 0.1 0.5 0.20 1.00e-05
10 0.25 0.1 0.5 0.20 1.00e-04
10 0.25 0.1 0.8 0.20 1.00e-07
10 0.25 0.1 0.8 0.20 1.00e-06
10 0.25 0.1 0.8 0.20 1.00e-05
10 0.25 0.1 0.8 0.20 1.00e-04
10 0.25 0.25 0.1 0.20 1.00e-07
10 0.25 0.25 0.1 0.20 1.00e-06
10 0.25 0.25 0.1 0.20 1.00e-05
10 0.25 0.25 0.1 0.20 1.00e-04
10 0.25 0.25 0.3 0.20 1.00e-07
10 0.25 0.25 0.3 0.20 1.00e-06
10 0.25 0.25 0.3 0.20 1.00e-05
10 0.25 0.25 0.3 0.20 1.00e-04
10 0.25 0.25 0.5 0.20 1.00e-07
10 0.25 0.25 0.5 0.20 1.00e-06
10 0.25 0.25 0.5 0.20 1.00e-05
10 0.25 0.25 0.5 0.20 1.00e-04
10 0.25 0.25 0.8 0.20 1.00e-07
10 0.25 0.25 0.8 0.20 1.00e-06
10 0.25 0.25 0.8 0.20 1.00e-05
10 0.25 0.25 0.8 0.20 1.00e-04
10 0.25 0.5 0.1 0.20 1.00e-07
10 0.25 0.5 0.1 0.20 1.00e-06
10 0.25 0.5 0.1 0.20 1.00e-05
10 0.25 0.5 0.1 0.20 1.00e-04
10 0.25 0.5 0.3 0.20 1.00e-07
10 0.25 0.5 0.3 0.20 1.00e-06
10 0.25 0.5 0.3 0.20 1.00e-05
10 0.25 0.5 0.3 0.20 1.00e-04
10 0.25 0.5 0.5 0.20 1.00e-07
10 0.25 0.5 0.5 0.20 1.00e-06
10 0.25 0.5 0.5 0.20 1.00e-05
10 0.25 0.5 0.5 0.20 1.00e-04
10 0.25 0.5 0.8 0.20 1.00e-07
10 0.25 0.5 0.8 0.20 1.00e-06
10 0.25 0.5 0.8 0.20 1.00e-05
10 0.25 0.5 0.8 0.20 1.00e-04
